last-generated=2022-08-31
statistics-initialization=
{
  "nonlinear": "5, 11, 0",
  "numerical Jacobians": "0"
}
statistics-simulation=
{
  "linear": "0, 0, 0, 0, 0, 0, 0",
  "nonlinear": "1, 10, 0",
  "number of continuous time states": "30",
  "numerical Jacobians": "0"
}
time=[1.296e+06, 1.3824e+06]
senTOut.T=[2.681499938964844e+02, 2.680006103515625e+02, 2.678824462890625e+02, 2.677569885253906e+02, 2.675857238769531e+02, 2.673489074707031e+02, 2.670778503417969e+02, 2.667972106933594e+02, 2.665312194824219e+02, 2.6629833984375e+02, 2.661046142578125e+02, 2.659736938476562e+02, 2.659306640625e+02, 2.660298767089844e+02, 2.6639697265625e+02, 2.6689599609375e+02, 2.673535766601562e+02, 2.676152648925781e+02, 2.678009948730469e+02, 2.679618225097656e+02, 2.680851135253906e+02, 2.681575012207031e+02, 2.681536254882812e+02, 2.681101989746094e+02, 2.680885620117188e+02, 2.681499938964844e+02, 2.682830200195312e+02, 2.684293518066406e+02, 2.685801696777344e+02, 2.687266235351562e+02, 2.688496398925781e+02, 2.689453125e+02, 2.690469055175781e+02, 2.69188232421875e+02, 2.694860229492188e+02, 2.701334228515625e+02, 2.709511413574219e+02, 2.717348327636719e+02, 2.723293762207031e+02, 2.728933410644531e+02, 2.734419860839844e+02, 2.739486999511719e+02, 2.743910217285156e+02, 2.748066101074219e+02, 2.752138061523438e+02, 2.756160583496094e+02, 2.760163269042969e+02, 2.763985595703125e+02, 2.767682189941406e+02, 2.771453247070312e+02, 2.775499877929688e+02, 2.780906677246094e+02, 2.787913208007812e+02, 2.795452575683594e+02, 2.802459106445312e+02, 2.808594970703125e+02, 2.814520263671875e+02, 2.819882507324219e+02, 2.8243017578125e+02, 2.827425842285156e+02, 2.829331359863281e+02, 2.830432434082031e+02, 2.831151733398438e+02, 2.831843566894531e+02, 2.832323608398438e+02, 2.832435302734375e+02, 2.832067260742188e+02, 2.830890808105469e+02, 2.826735534667969e+02, 2.820996398925781e+02, 2.816126098632812e+02, 2.814500122070312e+02, 2.814500122070312e+02, 2.814500122070312e+02, 2.814500122070312e+02, 2.814500122070312e+02, 2.814500122070312e+02, 2.814500122070312e+02, 2.814500122070312e+02, 2.814500122070312e+02, 2.815123901367188e+02, 2.816962585449219e+02, 2.819049987792969e+02, 2.820390930175781e+02, 2.820126342773438e+02, 2.818557434082031e+02, 2.816533203125e+02, 2.81490234375e+02, 2.814390258789062e+02, 2.814595336914062e+02, 2.814947814941406e+02, 2.814945983886719e+02, 2.814153137207031e+02, 2.813063659667969e+02, 2.811892395019531e+02, 2.810629577636719e+02, 2.809265441894531e+02, 2.807815856933594e+02, 2.806335144042969e+02, 2.8048779296875e+02, 2.803500061035156e+02]
boi.T=[2.931499938964844e+02, 3.434051818847656e+02, 3.432327880859375e+02, 3.432235412597656e+02, 3.432170104980469e+02, 3.432104797363281e+02, 3.421593322753906e+02, 3.432155151367188e+02, 3.432065124511719e+02, 3.432027587890625e+02, 3.432090148925781e+02, 3.432051391601562e+02, 3.432004089355469e+02, 3.430162048339844e+02, 3.432096557617188e+02, 3.432040710449219e+02, 3.43082763671875e+02, 3.432127990722656e+02, 3.421617431640625e+02, 3.432186279296875e+02, 3.432103576660156e+02, 3.432072448730469e+02, 3.432129821777344e+02, 3.430676879882812e+02, 3.432154846191406e+02, 3.421638488769531e+02, 3.4321923828125e+02, 3.421651611328125e+02, 3.432210998535156e+02, 3.432131958007812e+02, 3.432140808105469e+02, 3.432152099609375e+02, 3.431961364746094e+02, 3.432164916992188e+02, 3.429916687011719e+02, 3.421984252929688e+02, 3.432463073730469e+02, 3.430016784667969e+02, 3.42206298828125e+02, 3.422350769042969e+02, 3.430463256835938e+02, 3.422095336914062e+02, 3.422103271484375e+02, 3.430482177734375e+02, 3.422097778320312e+02, 3.422093200683594e+02, 3.429939880371094e+02, 3.422092590332031e+02, 3.422068176269531e+02, 3.430481872558594e+02, 3.422017211914062e+02, 3.431561584472656e+02, 3.42197021484375e+02, 3.421875610351562e+02, 3.421875610351562e+02, 3.421586303710938e+02, 3.421586303710938e+02, 3.421817932128906e+02, 3.421817932128906e+02, 3.429821472167969e+02, 3.421380310058594e+02, 3.421380310058594e+02, 3.421065673828125e+02, 3.421065673828125e+02, 3.421065673828125e+02, 3.420890808105469e+02, 3.420890808105469e+02, 3.430619506835938e+02, 3.42095458984375e+02, 3.427498474121094e+02, 3.421543884277344e+02, 3.43076416015625e+02, 3.421870422363281e+02, 3.421870422363281e+02, 3.421698608398438e+02, 3.421698608398438e+02, 3.422218017578125e+02, 3.429201049804688e+02, 3.422099914550781e+02, 3.432557067871094e+02, 3.429945983886719e+02, 3.422105102539062e+02, 3.4324755859375e+02, 3.43203857421875e+02, 3.422106628417969e+02, 3.432286071777344e+02, 3.422115173339844e+02, 3.422119445800781e+02, 3.432164611816406e+02, 3.422111511230469e+02, 3.422108459472656e+02, 3.432015686035156e+02, 3.422110900878906e+02, 3.422117004394531e+02, 3.431912536621094e+02, 3.422118530273438e+02, 3.422120971679688e+02, 3.432012329101562e+02, 3.422123107910156e+02, 3.422123718261719e+02, 3.432179870605469e+02]
temSup.T=[2.931499938964844e+02, 3.03625244140625e+02, 3.110208129882812e+02, 3.156884460449219e+02, 3.190119934082031e+02, 3.213788452148438e+02, 3.229459533691406e+02, 3.199215698242188e+02, 3.219307250976562e+02, 3.232128295898438e+02, 3.198365173339844e+02, 3.217141723632812e+02, 3.229208374023438e+02, 3.197371520996094e+02, 3.209480590820312e+02, 3.225342102050781e+02, 3.18005615234375e+02, 3.212227172851562e+02, 3.227204284667969e+02, 3.200894470214844e+02, 3.223643493652344e+02, 3.190026550292969e+02, 3.217332153320312e+02, 3.175060119628906e+02, 3.210661315917969e+02, 3.225447998046875e+02, 3.202653503417969e+02, 3.224269409179688e+02, 3.195110168457031e+02, 3.221515808105469e+02, 3.189137573242188e+02, 3.218462219238281e+02, 3.184400024414062e+02, 3.216448669433594e+02, 3.151170043945312e+02, 3.186921997070312e+02, 3.172024536132812e+02, 3.127615661621094e+02, 3.174679870605469e+02, 3.169768676757812e+02, 3.1220654296875e+02, 3.16520751953125e+02, 3.160972595214844e+02, 3.116961364746094e+02, 3.1571826171875e+02, 3.153368225097656e+02, 3.105688171386719e+02, 3.149431762695312e+02, 3.145703125e+02, 3.121314697265625e+02, 3.1417333984375e+02, 3.115540466308594e+02, 3.136260986328125e+02, 3.127489624023438e+02, 3.127489318847656e+02, 3.117816467285156e+02, 3.117816467285156e+02, 3.10868896484375e+02, 3.108694152832031e+02, 3.0739306640625e+02, 3.101343994140625e+02, 3.101343994140625e+02, 3.098704833984375e+02, 3.098704528808594e+02, 3.098704528808594e+02, 3.097487487792969e+02, 3.097487487792969e+02, 3.09099609375e+02, 3.098336791992188e+02, 3.069195251464844e+02, 3.108081359863281e+02, 3.07954833984375e+02, 3.112318725585938e+02, 3.112318725585938e+02, 3.112089538574219e+02, 3.112089538574219e+02, 3.157182312011719e+02, 3.109916381835938e+02, 3.153618774414062e+02, 3.15178955078125e+02, 3.111550903320312e+02, 3.1528955078125e+02, 3.146108093261719e+02, 3.137899475097656e+02, 3.149745483398438e+02, 3.13782470703125e+02, 3.1509765625e+02, 3.152886352539062e+02, 3.136769104003906e+02, 3.153693542480469e+02, 3.153442993164062e+02, 3.132832641601562e+02, 3.153338317871094e+02, 3.154188842773438e+02, 3.132364196777344e+02, 3.155271911621094e+02, 3.156473083496094e+02, 3.135433044433594e+02, 3.157795104980469e+02, 3.159149475097656e+02, 3.141345825195312e+02]
temRet.T=[2.931499938964844e+02, 3.332734680175781e+02, 3.331921691894531e+02, 3.331858215332031e+02, 3.331781921386719e+02, 3.331708374023438e+02, 3.33145751953125e+02, 3.331775512695312e+02, 3.331676025390625e+02, 3.331687927246094e+02, 3.331760864257812e+02, 3.331664428710938e+02, 3.331610412597656e+02, 3.327503051757812e+02, 3.331708679199219e+02, 3.331659240722656e+02, 3.331044616699219e+02, 3.331739807128906e+02, 3.331480712890625e+02, 3.331797180175781e+02, 3.331719970703125e+02, 3.3318359375e+02, 3.331728515625e+02, 3.330958251953125e+02, 3.331764526367188e+02, 3.331505737304688e+02, 3.331803894042969e+02, 3.331506042480469e+02, 3.33183837890625e+02, 3.331751098632812e+02, 3.331867065429688e+02, 3.331766662597656e+02, 3.331846923828125e+02, 3.331766967773438e+02, 3.329155578613281e+02, 3.33186279296875e+02, 3.332127685546875e+02, 3.329618530273438e+02, 3.331933288574219e+02, 3.331932678222656e+02, 3.330272216796875e+02, 3.331977844238281e+02, 3.33202880859375e+02, 3.331136169433594e+02, 3.332034606933594e+02, 3.332017517089844e+02, 3.331537475585938e+02, 3.332065734863281e+02, 3.33212158203125e+02, 3.319040222167969e+02, 3.332107849121094e+02, 3.33171142578125e+02, 3.331970520019531e+02, 3.332184448242188e+02, 3.332183837890625e+02, 3.331702880859375e+02, 3.331702880859375e+02, 3.332063598632812e+02, 3.332059020996094e+02, 3.330336303710938e+02, 3.33232177734375e+02, 3.33232177734375e+02, 3.332426147460938e+02, 3.3324267578125e+02, 3.3324267578125e+02, 3.332496948242188e+02, 3.332496948242188e+02, 3.330325012207031e+02, 3.332219543457031e+02, 3.336423034667969e+02, 3.3318408203125e+02, 3.33254638671875e+02, 3.332027587890625e+02, 3.332027587890625e+02, 3.331821594238281e+02, 3.331821594238281e+02, 3.332073974609375e+02, 3.330722351074219e+02, 3.332039489746094e+02, 3.332235412597656e+02, 3.325062866210938e+02, 3.332037048339844e+02, 3.332286071777344e+02, 3.321914978027344e+02, 3.332045288085938e+02, 3.332299499511719e+02, 3.332047119140625e+02, 3.3320654296875e+02, 3.332021484375e+02, 3.332049865722656e+02, 3.332040710449219e+02, 3.332254333496094e+02, 3.332043762207031e+02, 3.33205810546875e+02, 3.332206420898438e+02, 3.332061157226562e+02, 3.332056579589844e+02, 3.332234497070312e+02, 3.332042846679688e+02, 3.332025756835938e+02, 3.332051391601562e+02]
temRoo.T=[2.931499938964844e+02, 2.834315795898438e+02, 2.862369384765625e+02, 2.89302978515625e+02, 2.915608520507812e+02, 2.931469116210938e+02, 2.941398010253906e+02, 2.923388671875e+02, 2.933075561523438e+02, 2.941207885742188e+02, 2.921881408691406e+02, 2.929815979003906e+02, 2.937818603515625e+02, 2.927554321289062e+02, 2.926186218261719e+02, 2.937511291503906e+02, 2.924264831542969e+02, 2.931481628417969e+02, 2.93860107421875e+02, 2.926738586425781e+02, 2.940355834960938e+02, 2.924119262695312e+02, 2.936502685546875e+02, 2.9246875e+02, 2.932135620117188e+02, 2.93521240234375e+02, 2.928360900878906e+02, 2.941784973144531e+02, 2.926101684570312e+02, 2.940845336914062e+02, 2.925091857910156e+02, 2.9395458984375e+02, 2.924731750488281e+02, 2.938920593261719e+02, 2.9288671875e+02, 2.942325134277344e+02, 2.937487182617188e+02, 2.928783264160156e+02, 2.940348815917969e+02, 2.942254638671875e+02, 2.929916687011719e+02, 2.938736572265625e+02, 2.944618835449219e+02, 2.930811157226562e+02, 2.938757019042969e+02, 2.945191040039062e+02, 2.930442810058594e+02, 2.941004028320312e+02, 2.943768005371094e+02, 2.930758972167969e+02, 2.945050354003906e+02, 2.935834045410156e+02, 2.939898681640625e+02, 2.945478515625e+02, 2.937726745605469e+02, 2.947412109375e+02, 2.939225769042969e+02, 2.944178466796875e+02, 2.944014892578125e+02, 2.931209411621094e+02, 2.949352111816406e+02, 2.937263488769531e+02, 2.945917663574219e+02, 2.944689025878906e+02, 2.931982116699219e+02, 2.950061645507812e+02, 2.939247436523438e+02, 2.940026245117188e+02, 2.945164489746094e+02, 2.931323547363281e+02, 2.946778869628906e+02, 2.930850219726562e+02, 2.947699890136719e+02, 2.931986694335938e+02, 2.948409423828125e+02, 2.933559265136719e+02, 2.943664855957031e+02, 2.929592590332031e+02, 2.942125854492188e+02, 2.941165161132812e+02, 2.929734802246094e+02, 2.94296875e+02, 2.940011291503906e+02, 2.930895690917969e+02, 2.944221801757812e+02, 2.937188110351562e+02, 2.932132873535156e+02, 2.944693908691406e+02, 2.935968017578125e+02, 2.933007507324219e+02, 2.945057678222656e+02, 2.935056762695312e+02, 2.933778381347656e+02, 2.945185241699219e+02, 2.934345703125e+02, 2.933848266601562e+02, 2.945068359375e+02, 2.934336242675781e+02, 2.933102111816406e+02, 2.944738464355469e+02, 2.935013122558594e+02]
conBoiRet.yVal=[0e+00, 4.21360582113266e-01, 4.575763046741486e-01, 4.848254323005676e-01, 5.066647529602051e-01, 5.238140821456909e-01, 5.338090658187866e-01, 5.13103187084198e-01, 5.281025767326355e-01, 5.391899347305298e-01, 5.125246047973633e-01, 5.264235138893127e-01, 5.359146595001221e-01, 4.982359409332275e-01, 5.206114649772644e-01, 5.329079031944275e-01, 5.008338093757629e-01, 5.227567553520203e-01, 5.319461226463318e-01, 5.143522620201111e-01, 5.317035317420959e-01, 5.067962408065796e-01, 5.265823602676392e-01, 4.974780380725861e-01, 5.215986967086792e-01, 5.310161709785461e-01, 5.156745910644531e-01, 5.298585295677185e-01, 5.10249137878418e-01, 5.300502181053162e-01, 5.062081217765808e-01, 5.276468992233276e-01, 5.032302737236023e-01, 5.259475111961365e-01, 4.833572506904602e-01, 5.098918676376343e-01, 4.949743449687958e-01, 4.608193933963776e-01, 5.082289576530457e-01, 4.914651215076447e-01, 4.58116739988327e-01, 5.078518986701965e-01, 4.899556934833527e-01, 4.618456363677979e-01, 5.076536536216736e-01, 4.856523275375366e-01, 4.663719236850739e-01, 5.033555626869202e-01, 4.794067740440369e-01, 3.755444288253784e-01, 4.948446452617645e-01, 4.604564309120178e-01, 4.984795749187469e-01, 4.722800850868225e-01, 5.215104818344116e-01, 4.604007005691528e-01, 4.750088155269623e-01, 4.579407572746277e-01, 4.981721937656403e-01, 4.83451634645462e-01, 4.942393600940704e-01, 5.534094572067261e-01, 4.643997251987457e-01, 5.311223268508911e-01, 5.97844660282135e-01, 4.954482614994049e-01, 5.672244429588318e-01, 4.350832402706146e-01, 5.053185820579529e-01, 5.196514129638672e-01, 4.692239761352539e-01, 4.810609817504883e-01, 4.792159199714661e-01, 5.171958208084106e-01, 4.666325449943542e-01, 4.897935390472412e-01, 4.853966534137726e-01, 4.699932336807251e-01, 5.0031578540802e-01, 4.8202183842659e-01, 4.202100038528442e-01, 4.988438785076141e-01, 4.790835082530975e-01, 4.086313247680664e-01, 4.946747124195099e-01, 4.748194515705109e-01, 5.137173533439636e-01, 4.948422312736511e-01, 4.720951318740845e-01, 5.142160654067993e-01, 4.93472695350647e-01, 4.729039072990417e-01, 5.124128460884094e-01, 4.931720495223999e-01, 4.723587334156036e-01, 5.137990117073059e-01, 4.941005408763885e-01, 4.743115305900574e-01, 5.141885280609131e-01, 4.953366219997406e-01, 4.751142263412476e-01]
conEquSta.onBoi=[0e+00, 1e+00, 1e+00, 1e+00, 1e+00, 1e+00, 0e+00, 1e+00, 1e+00, 1e+00, 1e+00, 1e+00, 1e+00, 1e+00, 1e+00, 1e+00, 1e+00, 1e+00, 0e+00, 1e+00, 1e+00, 1e+00, 1e+00, 1e+00, 1e+00, 0e+00, 1e+00, 0e+00, 1e+00, 1e+00, 1e+00, 1e+00, 1e+00, 1e+00, 1e+00, 0e+00, 1e+00, 1e+00, 0e+00, 0e+00, 1e+00, 0e+00, 0e+00, 1e+00, 0e+00, 0e+00, 1e+00, 0e+00, 0e+00, 1e+00, 0e+00, 1e+00, 0e+00, 0e+00, 0e+00, 0e+00, 0e+00, 0e+00, 0e+00, 1e+00, 0e+00, 0e+00, 0e+00, 0e+00, 0e+00, 0e+00, 0e+00, 1e+00, 0e+00, 1e+00, 0e+00, 1e+00, 0e+00, 0e+00, 0e+00, 0e+00, 0e+00, 1e+00, 0e+00, 1e+00, 1e+00, 0e+00, 1e+00, 1e+00, 0e+00, 1e+00, 0e+00, 0e+00, 1e+00, 0e+00, 0e+00, 1e+00, 0e+00, 0e+00, 1e+00, 0e+00, 0e+00, 1e+00, 0e+00, 0e+00, 1e+00]
conSysSta.onSys=[0e+00, 1e+00, 1e+00, 1e+00, 1e+00, 1e+00, 0e+00, 1e+00, 1e+00, 1e+00, 1e+00, 1e+00, 1e+00, 1e+00, 1e+00, 1e+00, 1e+00, 1e+00, 0e+00, 1e+00, 1e+00, 1e+00, 1e+00, 1e+00, 1e+00, 0e+00, 1e+00, 0e+00, 1e+00, 1e+00, 1e+00, 1e+00, 1e+00, 1e+00, 1e+00, 0e+00, 1e+00, 1e+00, 0e+00, 0e+00, 1e+00, 0e+00, 0e+00, 1e+00, 0e+00, 0e+00, 1e+00, 0e+00, 0e+00, 1e+00, 0e+00, 1e+00, 0e+00, 0e+00, 0e+00, 0e+00, 0e+00, 0e+00, 0e+00, 1e+00, 0e+00, 0e+00, 0e+00, 0e+00, 0e+00, 0e+00, 0e+00, 1e+00, 0e+00, 1e+00, 0e+00, 1e+00, 0e+00, 0e+00, 0e+00, 0e+00, 0e+00, 1e+00, 0e+00, 1e+00, 1e+00, 0e+00, 1e+00, 1e+00, 0e+00, 1e+00, 0e+00, 0e+00, 1e+00, 0e+00, 0e+00, 1e+00, 0e+00, 0e+00, 1e+00, 0e+00, 0e+00, 1e+00, 0e+00, 0e+00, 1e+00]
