last-generated=2022-04-07
statistics-initialization=
{
  "linear": "0, 0, 0, 0",
  "nonlinear": "0, 0, 0, 0",
  "numerical Jacobians": "0"
}
statistics-simulation=
{
  "linear": "0, 0, 0, 0, 0, 0, 0, 0, 0, 0",
  "nonlinear": "0, 0, 0, 0",
  "number of continuous time states": "30",
  "numerical Jacobians": "0"
}
time=[4.32e+05, 8.64e+05]
flo.TAirCor=[2.751499938964844e+02, 2.936260070800781e+02, 2.935737915039062e+02, 2.935373229980469e+02, 2.935064086914062e+02, 2.93485107421875e+02, 2.935170288085938e+02, 2.937933654785156e+02, 2.940246276855469e+02, 2.940243530273438e+02, 2.939497680664062e+02, 2.939086608886719e+02, 2.938934020996094e+02, 2.938829650878906e+02, 2.938321228027344e+02, 2.936167297363281e+02, 2.934884033203125e+02, 2.934262390136719e+02, 2.933868103027344e+02, 2.933311462402344e+02, 2.932718505859375e+02, 2.931491394042969e+02, 2.931495056152344e+02, 2.931500244140625e+02, 2.931500244140625e+02, 2.931500244140625e+02, 2.931497192382812e+02, 2.932851867675781e+02, 2.93357666015625e+02, 2.933554992675781e+02, 2.933854064941406e+02, 2.931495361328125e+02, 2.931501159667969e+02, 2.931614074707031e+02, 2.931500549316406e+02, 2.931499938964844e+02, 2.931497802734375e+02, 2.931499328613281e+02, 2.931499938964844e+02, 2.931499938964844e+02, 2.931499938964844e+02, 2.931497802734375e+02, 2.9314990234375e+02, 2.931499938964844e+02, 2.931500244140625e+02, 2.931499938964844e+02, 2.931498107910156e+02, 2.931506042480469e+02, 2.931499938964844e+02, 2.931499938964844e+02, 2.931499938964844e+02, 2.93150146484375e+02, 2.931501770019531e+02, 2.931500549316406e+02, 2.931500549316406e+02, 2.931499938964844e+02, 2.931500549316406e+02, 2.931500549316406e+02, 2.931499938964844e+02, 2.931499938964844e+02, 2.931499938964844e+02, 2.931500854492188e+02, 2.931500244140625e+02, 2.931499938964844e+02, 2.931499938964844e+02, 2.931499938964844e+02, 2.931515808105469e+02, 2.935868225097656e+02, 2.936769104003906e+02, 2.937063293457031e+02, 2.938256225585938e+02, 2.938670043945312e+02, 2.938851623535156e+02, 2.938803100585938e+02, 2.937759094238281e+02, 2.935525512695312e+02, 2.934234924316406e+02, 2.933764343261719e+02, 2.933534240722656e+02, 2.933127746582031e+02, 2.932710266113281e+02, 2.932222595214844e+02, 2.931921691894531e+02, 2.931615295410156e+02, 2.931499938964844e+02, 2.931499938964844e+02, 2.9328076171875e+02, 2.937332763671875e+02, 2.94065185546875e+02, 2.945459594726562e+02, 2.950185241699219e+02, 2.952814331054688e+02, 2.954342651367188e+02, 2.954126281738281e+02, 2.949759216308594e+02, 2.937818603515625e+02, 2.935728759765625e+02, 2.935242004394531e+02, 2.9349609375e+02, 2.934588317871094e+02, 2.934225463867188e+02]
flo.TAirSou=[2.751499938964844e+02, 2.931473388671875e+02, 2.93148681640625e+02, 2.931495056152344e+02, 2.931502990722656e+02, 2.931500854492188e+02, 2.931499938964844e+02, 2.931618957519531e+02, 2.93983642578125e+02, 2.942170104980469e+02, 2.9357275390625e+02, 2.933812866210938e+02, 2.933678283691406e+02, 2.933053588867188e+02, 2.93149658203125e+02, 2.931498413085938e+02, 2.931476745605469e+02, 2.931483154296875e+02, 2.931499328613281e+02, 2.931501159667969e+02, 2.931499328613281e+02, 2.931484375e+02, 2.9314892578125e+02, 2.931499328613281e+02, 2.931499633789062e+02, 2.9314990234375e+02, 2.931495056152344e+02, 2.931573486328125e+02, 2.931509094238281e+02, 2.931501159667969e+02, 2.934933776855469e+02, 2.932934265136719e+02, 2.931480712890625e+02, 2.931496276855469e+02, 2.931498718261719e+02, 2.931498718261719e+02, 2.931492614746094e+02, 2.931493530273438e+02, 2.931499633789062e+02, 2.931501159667969e+02, 2.9314990234375e+02, 2.931489868164062e+02, 2.931496276855469e+02, 2.931499938964844e+02, 2.931499328613281e+02, 2.931499938964844e+02, 2.931495056152344e+02, 2.931569213867188e+02, 2.93150634765625e+02, 2.931500549316406e+02, 2.931501159667969e+02, 2.931441955566406e+02, 2.931472778320312e+02, 2.931567993164062e+02, 2.931513061523438e+02, 2.931494140625e+02, 2.9314794921875e+02, 2.931505432128906e+02, 2.931470642089844e+02, 2.931493835449219e+02, 2.931533508300781e+02, 2.931475830078125e+02, 2.931517333984375e+02, 2.931520385742188e+02, 2.931476745605469e+02, 2.931505432128906e+02, 2.931517944335938e+02, 2.93151123046875e+02, 2.931564331054688e+02, 2.9314794921875e+02, 2.935817260742188e+02, 2.937003173828125e+02, 2.936426696777344e+02, 2.934561157226562e+02, 2.931515197753906e+02, 2.931504516601562e+02, 2.931487121582031e+02, 2.931501770019531e+02, 2.931498718261719e+02, 2.9314990234375e+02, 2.931499938964844e+02, 2.931495971679688e+02, 2.931498718261719e+02, 2.931500854492188e+02, 2.931499633789062e+02, 2.931498107910156e+02, 2.931514892578125e+02, 2.933321838378906e+02, 2.944836730957031e+02, 2.952792358398438e+02, 2.958674926757812e+02, 2.961499938964844e+02, 2.961827087402344e+02, 2.95931396484375e+02, 2.950319519042969e+02, 2.934740905761719e+02, 2.931467895507812e+02, 2.931488952636719e+02, 2.931502075195312e+02, 2.931498718261719e+02, 2.9314990234375e+02]
flo.TAirNor=[2.751499938964844e+02, 2.931474914550781e+02, 2.93148681640625e+02, 2.931495056152344e+02, 2.931502380371094e+02, 2.931500549316406e+02, 2.931535034179688e+02, 2.931431274414062e+02, 2.93153564453125e+02, 2.931512756347656e+02, 2.931500854492188e+02, 2.931496887207031e+02, 2.931504211425781e+02, 2.931496887207031e+02, 2.93149658203125e+02, 2.931498413085938e+02, 2.931482543945312e+02, 2.931489868164062e+02, 2.931499328613281e+02, 2.931486511230469e+02, 2.931510620117188e+02, 2.931505737304688e+02, 2.931492919921875e+02, 2.931499328613281e+02, 2.931499328613281e+02, 2.931498718261719e+02, 2.931496887207031e+02, 2.931406860351562e+02, 2.931491394042969e+02, 2.931500854492188e+02, 2.931548156738281e+02, 2.931463623046875e+02, 2.931531066894531e+02, 2.931484985351562e+02, 2.931472473144531e+02, 2.931503295898438e+02, 2.931565551757812e+02, 2.93149658203125e+02, 2.931499328613281e+02, 2.931500854492188e+02, 2.931498718261719e+02, 2.931495971679688e+02, 2.931498718261719e+02, 2.931499938964844e+02, 2.931499328613281e+02, 2.931499938964844e+02, 2.931497802734375e+02, 2.931517333984375e+02, 2.931504516601562e+02, 2.93150146484375e+02, 2.93150146484375e+02, 2.931500244140625e+02, 2.931501770019531e+02, 2.931499633789062e+02, 2.931499633789062e+02, 2.931499938964844e+02, 2.931503601074219e+02, 2.931504211425781e+02, 2.931499633789062e+02, 2.931500854492188e+02, 2.931499938964844e+02, 2.931500549316406e+02, 2.931503601074219e+02, 2.931499938964844e+02, 2.931499938964844e+02, 2.931499633789062e+02, 2.931519775390625e+02, 2.931532592773438e+02, 2.931507568359375e+02, 2.931501159667969e+02, 2.931510009765625e+02, 2.931517944335938e+02, 2.931794128417969e+02, 2.931915283203125e+02, 2.931497802734375e+02, 2.931500549316406e+02, 2.931497802734375e+02, 2.93149658203125e+02, 2.931498718261719e+02, 2.931498718261719e+02, 2.931499938964844e+02, 2.9314990234375e+02, 2.931500244140625e+02, 2.931492614746094e+02, 2.931487121582031e+02, 2.931506652832031e+02, 2.93154052734375e+02, 2.931542663574219e+02, 2.932133483886719e+02, 2.936001281738281e+02, 2.941540832519531e+02, 2.943966064453125e+02, 2.945513305664062e+02, 2.945722045898438e+02, 2.942179260253906e+02, 2.931493530273438e+02, 2.931480102539062e+02, 2.931490173339844e+02, 2.931502685546875e+02, 2.931498718261719e+02, 2.9314990234375e+02]
flo.TAirEas=[2.751499938964844e+02, 2.93146728515625e+02, 2.931486206054688e+02, 2.931495666503906e+02, 2.931503295898438e+02, 2.931500854492188e+02, 2.931502075195312e+02, 2.931559448242188e+02, 2.933721008300781e+02, 2.93218994140625e+02, 2.931500854492188e+02, 2.931492004394531e+02, 2.93150146484375e+02, 2.931498107910156e+02, 2.931496887207031e+02, 2.931498413085938e+02, 2.931479187011719e+02, 2.931484375e+02, 2.931499938964844e+02, 2.931501159667969e+02, 2.931499328613281e+02, 2.931486206054688e+02, 2.931490783691406e+02, 2.931499328613281e+02, 2.931499633789062e+02, 2.9314990234375e+02, 2.931495971679688e+02, 2.931559753417969e+02, 2.931503295898438e+02, 2.931503295898438e+02, 2.93150146484375e+02, 2.931498413085938e+02, 2.931497497558594e+02, 2.931498718261719e+02, 2.931497802734375e+02, 2.931498718261719e+02, 2.931497192382812e+02, 2.931495361328125e+02, 2.931499328613281e+02, 2.931501159667969e+02, 2.9314990234375e+02, 2.931493835449219e+02, 2.931498107910156e+02, 2.931499938964844e+02, 2.931499328613281e+02, 2.931499938964844e+02, 2.931496887207031e+02, 2.931558532714844e+02, 2.93150390625e+02, 2.931504211425781e+02, 2.93150146484375e+02, 2.931500854492188e+02, 2.931500549316406e+02, 2.931499633789062e+02, 2.931499938964844e+02, 2.931499938964844e+02, 2.931500854492188e+02, 2.931502685546875e+02, 2.931499633789062e+02, 2.931500854492188e+02, 2.931499938964844e+02, 2.931498413085938e+02, 2.931502685546875e+02, 2.931499938964844e+02, 2.931499938964844e+02, 2.931499938964844e+02, 2.9315185546875e+02, 2.931543884277344e+02, 2.931505737304688e+02, 2.93150146484375e+02, 2.931507873535156e+02, 2.931515808105469e+02, 2.931719055175781e+02, 2.931665649414062e+02, 2.931497497558594e+02, 2.931500854492188e+02, 2.93149658203125e+02, 2.931496276855469e+02, 2.931498718261719e+02, 2.9314990234375e+02, 2.931499938964844e+02, 2.931498413085938e+02, 2.931500244140625e+02, 2.931500854492188e+02, 2.931499633789062e+02, 2.931498107910156e+02, 2.931517639160156e+02, 2.931929626464844e+02, 2.938018798828125e+02, 2.940296936035156e+02, 2.942523803710938e+02, 2.944788208007812e+02, 2.946191101074219e+02, 2.946088562011719e+02, 2.94228759765625e+02, 2.931494750976562e+02, 2.931477966308594e+02, 2.931489562988281e+02, 2.931502685546875e+02, 2.9314990234375e+02, 2.9314990234375e+02]
flo.TAirWes=[2.751499938964844e+02, 2.931484375e+02, 2.931496276855469e+02, 2.931517333984375e+02, 2.931532897949219e+02, 2.931500854492188e+02, 2.931502990722656e+02, 2.931528015136719e+02, 2.931506042480469e+02, 2.931493835449219e+02, 2.931483764648438e+02, 2.931485900878906e+02, 2.931514282226562e+02, 2.931497802734375e+02, 2.931496887207031e+02, 2.931498413085938e+02, 2.931480407714844e+02, 2.931485595703125e+02, 2.931473693847656e+02, 2.931501159667969e+02, 2.931499328613281e+02, 2.931487121582031e+02, 2.931491394042969e+02, 2.931483764648438e+02, 2.9315185546875e+02, 2.931498718261719e+02, 2.931496276855469e+02, 2.931522827148438e+02, 2.931504821777344e+02, 2.931501770019531e+02, 2.931474914550781e+02, 2.931612854003906e+02, 2.931544189453125e+02, 2.931498413085938e+02, 2.931499633789062e+02, 2.931498718261719e+02, 2.931499328613281e+02, 2.931495971679688e+02, 2.931499328613281e+02, 2.931500854492188e+02, 2.9314990234375e+02, 2.931493835449219e+02, 2.931497802734375e+02, 2.931499938964844e+02, 2.931499328613281e+02, 2.931499938964844e+02, 2.931496887207031e+02, 2.931520080566406e+02, 2.931504516601562e+02, 2.931481628417969e+02, 2.931507568359375e+02, 2.931576232910156e+02, 2.931560974121094e+02, 2.931432189941406e+02, 2.931502075195312e+02, 2.931498107910156e+02, 2.931501770019531e+02, 2.93150390625e+02, 2.931499633789062e+02, 2.931433715820312e+02, 2.931492614746094e+02, 2.931474304199219e+02, 2.931521911621094e+02, 2.931474304199219e+02, 2.9314990234375e+02, 2.931487121582031e+02, 2.931482543945312e+02, 2.931537780761719e+02, 2.931518859863281e+02, 2.931526489257812e+02, 2.931506958007812e+02, 2.931536254882812e+02, 2.931557312011719e+02, 2.93149169921875e+02, 2.93148681640625e+02, 2.931497802734375e+02, 2.931492004394531e+02, 2.931518249511719e+02, 2.931481323242188e+02, 2.931523132324219e+02, 2.931479187011719e+02, 2.931525268554688e+02, 2.931508178710938e+02, 2.931499633789062e+02, 2.931488342285156e+02, 2.931498107910156e+02, 2.931517333984375e+02, 2.931540222167969e+02, 2.931839904785156e+02, 2.937047729492188e+02, 2.941324157714844e+02, 2.944756469726562e+02, 2.947950744628906e+02, 2.947911682128906e+02, 2.94177734375e+02, 2.931495056152344e+02, 2.931478881835938e+02, 2.931489868164062e+02, 2.931451110839844e+02, 2.931504211425781e+02, 2.931492614746094e+02]
hea[1].conPID.y=[1e+00, 1.382996737957001e-01, 1.758607625961304e-01, 2.129731625318527e-01, 2.405456304550171e-01, 2.623565793037415e-01, 2.606372535228729e-01, 0e+00, 0e+00, 0e+00, 0e+00, 0e+00, 0e+00, 0e+00, 3.324953094124794e-02, 1.943394094705582e-01, 2.864090204238892e-01, 3.229056298732758e-01, 3.485206961631775e-01, 3.700553476810455e-01, 4.011179208755493e-01, 4.350835978984833e-01, 4.534409642219543e-01, 4.721388220787048e-01, 4.876888990402222e-01, 5.077890753746033e-01, 5.014593005180359e-01, 2.825931310653687e-01, 1.152152642607689e-01, 1.228094752877951e-02, 0e+00, 0e+00, 2.829336933791637e-02, 1.321146041154861e-01, 2.938477993011475e-01, 3.575654923915863e-01, 3.896244764328003e-01, 4.021758735179901e-01, 4.209078252315521e-01, 4.283543825149536e-01, 4.427923858165741e-01, 4.62322860956192e-01, 4.74762499332428e-01, 4.84382688999176e-01, 4.960257709026337e-01, 5.062912702560425e-01, 5.144513845443726e-01, 3.311229944229126e-01, 2.015076726675034e-01, 1.120565235614777e-01, 6.958247721195221e-02, 9.87425297498703e-02, 2.55998969078064e-01, 2.582150995731354e-01, 2.834385931491852e-01, 3.445928394794464e-01, 3.302297294139862e-01, 3.787589967250824e-01, 4.467687010765076e-01, 5.09482741355896e-01, 4.228999614715576e-01, 4.789265990257263e-01, 5.140185952186584e-01, 4.673221707344055e-01, 5.24651825428009e-01, 4.974209666252136e-01, 4.547716379165649e-01, 2.566812038421631e-01, 1.167261675000191e-01, 8.530227094888687e-02, 0e+00, 0e+00, 0e+00, 0e+00, 1.447274629026651e-02, 1.368870139122009e-01, 1.416186839342117e-01, 1.527510434389114e-01, 1.671718508005142e-01, 1.867204457521439e-01, 2.078139632940292e-01, 2.211210429668427e-01, 2.255436480045319e-01, 2.259581685066223e-01, 2.291795462369919e-01, 2.447656840085983e-01, 2.353115230798721e-01, 0e+00, 0e+00, 0e+00, 0e+00, 0e+00, 0e+00, 0e+00, 0e+00, 0e+00, 4.787513241171837e-02, 8.919781446456909e-02, 1.048496216535568e-01, 1.24755784869194e-01, 1.492361128330231e-01]
hea[2].conPID.y=[1e+00, 1.842872798442841e-01, 2.237134724855423e-01, 2.634667456150055e-01, 2.899080514907837e-01, 3.097406625747681e-01, 3.064627051353455e-01, 3.821036964654922e-02, 0e+00, 0e+00, 2.354821376502514e-02, 4.668913036584854e-02, 5.273891985416412e-02, 6.737028062343597e-02, 1.078806966543198e-01, 2.587214708328247e-01, 3.451670408248901e-01, 3.777559101581573e-01, 3.997763693332672e-01, 4.178880751132965e-01, 4.457049369812012e-01, 4.767548441886902e-01, 4.929140210151672e-01, 5.096076726913452e-01, 5.23453414440155e-01, 5.417769551277161e-01, 5.336573123931885e-01, 3.043817579746246e-01, 2.435204982757568e-01, 2.838476300239563e-01, 3.340178728103638e-01, 3.716167211532593e-01, 3.741891384124756e-01, 3.927329182624817e-01, 4.368452131748199e-01, 4.780172407627106e-01, 5.00316321849823e-01, 5.066831707954407e-01, 5.194482803344727e-01, 5.212368369102478e-01, 5.300641059875488e-01, 5.453866124153137e-01, 5.514781475067139e-01, 5.569621920585632e-01, 5.666024684906006e-01, 5.735791325569153e-01, 5.782654285430908e-01, 3.760584592819214e-01, 3.305253386497498e-01, 3.647544980049133e-01, 4.102644324302673e-01, 4.028546214103699e-01, 3.996390998363495e-01, 4.031212627887726e-01, 4.268941879272461e-01, 4.426290690898895e-01, 4.42792147397995e-01, 4.375788867473602e-01, 4.362894296646118e-01, 4.352419674396515e-01, 4.392661452293396e-01, 4.295670986175537e-01, 4.286704063415527e-01, 4.259139001369476e-01, 4.265098571777344e-01, 4.23417717218399e-01, 3.975470364093781e-01, 1.68285459280014e-01, 7.690226286649704e-02, 6.137542054057121e-02, 3.309556841850281e-02, 7.322519551962614e-03, 0e+00, 0e+00, 3.531232848763466e-02, 1.662105321884155e-01, 2.215276658535004e-01, 2.305686622858047e-01, 2.407207041978836e-01, 2.563365399837494e-01, 2.719494104385376e-01, 2.803461253643036e-01, 2.812539339065552e-01, 2.783782780170441e-01, 2.784830629825592e-01, 2.906244695186615e-01, 2.78176337480545e-01, 0e+00, 0e+00, 0e+00, 0e+00, 0e+00, 0e+00, 0e+00, 0e+00, 5.097876116633415e-02, 1.494637280702591e-01, 1.837062984704971e-01, 1.9582299888134e-01, 2.133020758628845e-01, 2.365477234125137e-01]
hea[3].conPID.y=[1e+00, 1.699959337711334e-01, 2.060727328062057e-01, 2.431436032056808e-01, 2.682696878910065e-01, 2.865969836711884e-01, 3.784927427768707e-01, 1.511262804269791e-01, 1.589361578226089e-01, 8.82541760802269e-02, 1.925510726869106e-02, 3.629924729466438e-02, 4.160710424184799e-02, 5.355678126215935e-02, 9.310730546712875e-02, 2.485601603984833e-01, 4.910137057304382e-01, 3.644326627254486e-01, 3.844217956066132e-01, 5.095972418785095e-01, 5.88838517665863e-01, 5.19034743309021e-01, 4.701196849346161e-01, 4.848934412002563e-01, 4.967957437038422e-01, 5.130380988121033e-01, 5.03211498260498e-01, 5.148273706436157e-01, 6.198674440383911e-01, 6.294395923614502e-01, 4.041561782360077e-01, 4.598520994186401e-01, 5.100919008255005e-01, 4.984878897666931e-01, 6.116864085197449e-01, 4.820120632648468e-01, 5.853912234306335e-01, 5.01095712184906e-01, 5.106258988380432e-01, 5.098720788955688e-01, 5.161214470863342e-01, 5.298269987106323e-01, 5.32259464263916e-01, 5.357708930969238e-01, 5.448998808860779e-01, 5.502208471298218e-01, 5.533337593078613e-01, 5.199489593505859e-01, 4.773018658161163e-01, 4.565816521644592e-01, 4.473680555820465e-01, 4.403815269470215e-01, 4.352696537971497e-01, 4.297272264957428e-01, 4.432691633701324e-01, 4.514203369617462e-01, 4.474729895591736e-01, 4.395588636398315e-01, 4.358426034450531e-01, 4.323784112930298e-01, 4.341629147529602e-01, 4.221413731575012e-01, 4.194265007972717e-01, 4.1523277759552e-01, 4.142611920833588e-01, 4.09766286611557e-01, 3.826102316379547e-01, 2.009297907352448e-01, 1.234873235225677e-01, 8.467162400484085e-02, 3.197195008397102e-02, 5.122565198689699e-03, 0e+00, 0e+00, 2.406702935695648e-02, 1.604999154806137e-01, 2.15838298201561e-01, 2.244401574134827e-01, 2.333771139383316e-01, 2.480665743350983e-01, 2.627662122249603e-01, 2.697977125644684e-01, 2.697462439537048e-01, 2.959289848804474e-01, 3.358764052391052e-01, 2.935694754123688e-01, 2.704892456531525e-01, 6.51799812912941e-02, 0e+00, 0e+00, 0e+00, 0e+00, 0e+00, 0e+00, 0e+00, 5.119571089744568e-02, 1.557845771312714e-01, 1.885424703359604e-01, 1.987277716398239e-01, 2.14677631855011e-01, 2.359702438116074e-01]
hea[4].conPID.y=[1e+00, 3.84709358215332e-01, 3.65806519985199e-01, 3.498065769672394e-01, 3.012904822826385e-01, 3.098672330379486e-01, 3.066888451576233e-01, 1.436009258031845e-01, 5.973616987466812e-02, 3.514864668250084e-02, 1.185878440737724e-01, 6.356754153966904e-02, 4.85064722597599e-02, 4.523202404379845e-02, 1.135737597942352e-01, 2.706273198127747e-01, 3.572992086410522e-01, 3.88273686170578e-01, 4.157519638538361e-01, 4.262659847736359e-01, 4.53497976064682e-01, 4.832722842693329e-01, 4.984593391418457e-01, 5.169568061828613e-01, 5.331066846847534e-01, 5.455585122108459e-01, 5.367065072059631e-01, 4.653778970241547e-01, 4.097645878791809e-01, 3.79665195941925e-01, 4.643941521644592e-01, 4.175919592380524e-01, 2.743839621543884e-01, 2.516821920871735e-01, 4.122262597084045e-01, 4.748785793781281e-01, 4.972022771835327e-01, 5.009077787399292e-01, 5.122395157814026e-01, 5.133718848228455e-01, 5.220279097557068e-01, 5.373455286026001e-01, 5.43601393699646e-01, 5.492793321609497e-01, 5.591045618057251e-01, 5.662850141525269e-01, 5.713018774986267e-01, 5.322756171226501e-01, 4.806838035583496e-01, 5.497764945030212e-01, 4.600543081760406e-01, 4.589360654354095e-01, 3.634721338748932e-01, 3.259638845920563e-01, 3.954869508743286e-01, 5.195579528808594e-01, 4.367184042930603e-01, 4.299847781658173e-01, 4.280785322189331e-01, 5.117801427841187e-01, 5.545116662979126e-01, 4.833205342292786e-01, 5.268580317497253e-01, 5.378934144973755e-01, 4.219943284988403e-01, 4.914080202579498e-01, 4.567457139492035e-01, 3.753170669078827e-01, 2.694465816020966e-01, 9.762943536043167e-02, 1.472533047199249e-01, 1.067334115505219e-01, 6.247490644454956e-02, 1.714265532791615e-02, 1.192294359207153e-01, 1.621775776147842e-01, 3.308771252632141e-01, 3.264622688293457e-01, 3.211067020893097e-01, 3.027465045452118e-01, 4.338729381561279e-01, 4.418658912181854e-01, 3.460552394390106e-01, 2.719954252243042e-01, 2.862435877323151e-01, 2.846757471561432e-01, 2.728517353534698e-01, 8.472520858049393e-02, 0e+00, 0e+00, 0e+00, 0e+00, 0e+00, 0e+00, 0e+00, 4.587217792868614e-02, 1.440120935440063e-01, 1.763649135828018e-01, 2.534908354282379e-01, 2.982126772403717e-01, 3.471700847148895e-01]
hea[5].conPID.y=[1e+00, 0e+00, 0e+00, 0e+00, 0e+00, 0e+00, 0e+00, 0e+00, 0e+00, 0e+00, 0e+00, 0e+00, 0e+00, 0e+00, 0e+00, 0e+00, 0e+00, 0e+00, 0e+00, 0e+00, 0e+00, 8.593355305492878e-03, 1.690998487174511e-02, 2.379495650529861e-02, 3.040563128888607e-02, 3.643131628632545e-02, 2.36186794936657e-02, 0e+00, 0e+00, 0e+00, 0e+00, 3.094326006248593e-03, 5.031929351389408e-03, 0e+00, 1.03768790140748e-02, 3.843979164958e-02, 4.421937838196754e-02, 4.621543362736702e-02, 4.780238121747971e-02, 4.953285306692123e-02, 5.145450308918953e-02, 5.419281497597694e-02, 5.670113116502762e-02, 5.920199677348137e-02, 6.176931038498878e-02, 6.440102308988571e-02, 6.726307421922684e-02, 5.194616690278053e-02, 4.742952436208725e-02, 5.049370229244232e-02, 5.239592865109444e-02, 5.205991864204407e-02, 4.835936427116394e-02, 3.950009495019913e-02, 4.573297128081322e-02, 5.577495694160461e-02, 5.679648369550705e-02, 5.586741119623184e-02, 5.494871363043785e-02, 5.44419102370739e-02, 5.423225462436676e-02, 4.371730238199234e-02, 4.335508495569229e-02, 4.321185871958733e-02, 4.324222728610039e-02, 4.014549776911736e-02, 2.004039101302624e-02, 0e+00, 0e+00, 0e+00, 0e+00, 0e+00, 0e+00, 0e+00, 0e+00, 0e+00, 0e+00, 0e+00, 0e+00, 0e+00, 0e+00, 0e+00, 0e+00, 0e+00, 1.733401557430625e-03, 1.215816591866314e-03, 0e+00, 0e+00, 0e+00, 0e+00, 0e+00, 0e+00, 0e+00, 0e+00, 0e+00, 0e+00, 0e+00, 0e+00, 0e+00, 0e+00, 0e+00]
flo.sou.heaPorAir.Q_flow=[7.9415e+03, 1.098306884765625e+03, 1.39659814453125e+03, 1.691326416015625e+03, 1.910293090820312e+03, 2.0835048828125e+03, 2.069850830078125e+03, 0e+00, 0e+00, 0e+00, 0e+00, 0e+00, 0e+00, 0e+00, 2.640511474609375e+02, 1.543346435546875e+03, 2.27451708984375e+03, 2.56435498046875e+03, 2.767777099609375e+03, 2.93879443359375e+03, 3.18547802734375e+03, 3.45521630859375e+03, 3.60100146484375e+03, 3.749490478515625e+03, 3.8729814453125e+03, 4.03260693359375e+03, 3.9823388671875e+03, 2.24421337890625e+03, 9.149819946289062e+02, 9.752914428710938e+01, 0e+00, 0e+00, 2.246917877197266e+02, 1.049188232421875e+03, 2.33359228515625e+03, 2.8396064453125e+03, 3.09420263671875e+03, 3.1938798828125e+03, 3.342639404296875e+03, 3.4017763671875e+03, 3.516435791015625e+03, 3.671536865234375e+03, 3.770326416015625e+03, 3.84672509765625e+03, 3.939188720703125e+03, 4.0207119140625e+03, 4.085515625e+03, 2.629613037109375e+03, 1.600273193359375e+03, 8.898968505859375e+02, 5.525892333984375e+02, 7.84163818359375e+02, 2.033015747070312e+03, 2.050615234375e+03, 2.250927490234375e+03, 2.736584228515625e+03, 2.622519287109375e+03, 3.00791455078125e+03, 3.548013671875e+03, 4.04605712890625e+03, 3.3584599609375e+03, 3.8033955078125e+03, 4.08207861328125e+03, 3.711239013671875e+03, 4.1665224609375e+03, 3.9502685546875e+03, 3.61156884765625e+03, 2.038433715820312e+03, 9.269808959960938e+02, 6.77427978515625e+02, 0e+00, 0e+00, 0e+00, 0e+00, 1.149353179931641e+02, 1.087088134765625e+03, 1.124664672851562e+03, 1.213072387695312e+03, 1.32759521484375e+03, 1.48284033203125e+03, 1.650354614257812e+03, 1.75603271484375e+03, 1.791154907226562e+03, 1.794446899414062e+03, 1.820029418945312e+03, 1.943806640625e+03, 1.868726440429688e+03, 0e+00, 0e+00, 0e+00, 0e+00, 0e+00, 0e+00, 0e+00, 0e+00, 0e+00, 3.802003784179688e+02, 7.083644409179688e+02, 8.326632690429688e+02, 9.90748046875e+02, 1.185158569335938e+03]
flo.eas.heaPorAir.Q_flow=[4.711e+03, 8.681773681640625e+02, 1.053914184570312e+03, 1.241191772460938e+03, 1.3657568359375e+03, 1.459188232421875e+03, 1.443745727539062e+03, 1.800090484619141e+02, 0e+00, 0e+00, 1.109356307983398e+02, 2.199524993896484e+02, 2.484530487060547e+02, 3.173814086914062e+02, 5.082259521484375e+02, 1.218836791992188e+03, 1.62608203125e+03, 1.779608032226562e+03, 1.883346435546875e+03, 1.968670776367188e+03, 2.099716064453125e+03, 2.2459921875e+03, 2.322117919921875e+03, 2.40076171875e+03, 2.465989013671875e+03, 2.55231103515625e+03, 2.514059814453125e+03, 1.433942504882812e+03, 1.14722509765625e+03, 1.337206298828125e+03, 1.573558227539062e+03, 1.750686401367188e+03, 1.762805053710938e+03, 1.850164794921875e+03, 2.057977783203125e+03, 2.251939208984375e+03, 2.356989990234375e+03, 2.386984375e+03, 2.447120849609375e+03, 2.455546875e+03, 2.497132080078125e+03, 2.56931640625e+03, 2.598013427734375e+03, 2.62384912109375e+03, 2.66926416015625e+03, 2.70213134765625e+03, 2.72420849609375e+03, 1.771611450195312e+03, 1.55710498046875e+03, 1.7183583984375e+03, 1.932755737304688e+03, 1.89784814453125e+03, 1.882699829101562e+03, 1.899104248046875e+03, 2.011098510742188e+03, 2.0852255859375e+03, 2.085993896484375e+03, 2.06143408203125e+03, 2.055359375e+03, 2.050425048828125e+03, 2.0693828125e+03, 2.023690673828125e+03, 2.01946630859375e+03, 2.006480346679688e+03, 2.009287963867188e+03, 1.994720825195312e+03, 1.872843994140625e+03, 7.927927856445312e+02, 3.622865600585938e+02, 2.891396179199219e+02, 1.559132232666016e+02, 3.449638748168945e+01, 0e+00, 0e+00, 1.663563842773438e+02, 7.83017822265625e+02, 1.043616821289062e+03, 1.086208984375e+03, 1.134035278320312e+03, 1.207601440429688e+03, 1.281153564453125e+03, 1.320710571289062e+03, 1.3249873046875e+03, 1.311440063476562e+03, 1.311933715820312e+03, 1.3691318359375e+03, 1.310488647460938e+03, 0e+00, 0e+00, 0e+00, 0e+00, 0e+00, 0e+00, 0e+00, 0e+00, 2.401609497070312e+02, 7.041235961914062e+02, 8.654404296875e+02, 9.225220947265625e+02, 1.004866088867188e+03, 1.114376342773438e+03]
flo.nor.heaPorAir.Q_flow=[7.9415e+03, 1.350022705078125e+03, 1.636526611328125e+03, 1.930924926757812e+03, 2.1304638671875e+03, 2.276009765625e+03, 3.005800048828125e+03, 1.200169311523438e+03, 1.262191528320312e+03, 7.008705444335938e+02, 1.529144287109375e+02, 2.882704772949219e+02, 3.304228210449219e+02, 4.253211975097656e+02, 7.394116821289062e+02, 1.973940551757812e+03, 3.899385498046875e+03, 2.894141845703125e+03, 3.0528857421875e+03, 4.046966796875e+03, 4.67626123046875e+03, 4.12191455078125e+03, 3.733455322265625e+03, 3.85078125e+03, 3.94530322265625e+03, 4.0742919921875e+03, 3.996254150390625e+03, 4.088501708984375e+03, 4.92267724609375e+03, 4.99869482421875e+03, 3.2096064453125e+03, 3.65191552734375e+03, 4.05089501953125e+03, 3.958741455078125e+03, 4.85770751953125e+03, 3.827898681640625e+03, 4.64888427734375e+03, 3.979451904296875e+03, 4.055135498046875e+03, 4.04914892578125e+03, 4.09877880859375e+03, 4.20762109375e+03, 4.2269384765625e+03, 4.25482421875e+03, 4.327322265625e+03, 4.3695791015625e+03, 4.3942998046875e+03, 4.12917431640625e+03, 3.79049267578125e+03, 3.625943359375e+03, 3.5527734375e+03, 3.497289794921875e+03, 3.45669384765625e+03, 3.4126787109375e+03, 3.52022216796875e+03, 3.58495458984375e+03, 3.55360693359375e+03, 3.490756591796875e+03, 3.461244140625e+03, 3.433733154296875e+03, 3.44790478515625e+03, 3.352435546875e+03, 3.33087548828125e+03, 3.297571044921875e+03, 3.289855224609375e+03, 3.254158935546875e+03, 3.0384990234375e+03, 1.595683959960938e+03, 9.806746215820312e+02, 6.724197387695312e+02, 2.539052276611328e+02, 4.068085479736328e+01, 0e+00, 0e+00, 1.911283111572266e+02, 1.274610107421875e+03, 1.714079833984375e+03, 1.7823916015625e+03, 1.853364379882812e+03, 1.970020629882812e+03, 2.0867578125e+03, 2.142598388671875e+03, 2.14218994140625e+03, 2.3501201171875e+03, 2.6673623046875e+03, 2.331382080078125e+03, 2.14809033203125e+03, 5.176267700195312e+02, 0e+00, 0e+00, 0e+00, 0e+00, 0e+00, 0e+00, 0e+00, 4.065707397460938e+02, 1.237163208007812e+03, 1.497309936523438e+03, 1.578196533203125e+03, 1.704862426757812e+03, 1.873957763671875e+03]
flo.wes.heaPorAir.Q_flow=[4.711e+03, 1.81236572265625e+03, 1.723314575195312e+03, 1.647938842773438e+03, 1.41937939453125e+03, 1.459784545898438e+03, 1.44481103515625e+03, 6.765039672851562e+02, 2.814170837402344e+02, 1.655852661132812e+02, 5.586672973632812e+02, 2.994666748046875e+02, 2.285139923095703e+02, 2.130880737304688e+02, 5.350459594726562e+02, 1.27492529296875e+03, 1.683236572265625e+03, 1.829157348632812e+03, 1.958607543945312e+03, 2.008139038085938e+03, 2.136428955078125e+03, 2.27669580078125e+03, 2.348241943359375e+03, 2.435383544921875e+03, 2.511465576171875e+03, 2.570126220703125e+03, 2.52842431640625e+03, 2.192395263671875e+03, 1.930401000976562e+03, 1.788602661132812e+03, 2.1877607421875e+03, 1.967275756835938e+03, 1.292622924804688e+03, 1.1856748046875e+03, 1.941997924804688e+03, 2.23715283203125e+03, 2.342320068359375e+03, 2.359776611328125e+03, 2.413160400390625e+03, 2.4184951171875e+03, 2.459273681640625e+03, 2.531434814453125e+03, 2.56090625e+03, 2.58765478515625e+03, 2.63394140625e+03, 2.667768798828125e+03, 2.691403076171875e+03, 2.50755029296875e+03, 2.26450146484375e+03, 2.5899970703125e+03, 2.16731591796875e+03, 2.1620478515625e+03, 1.712317260742188e+03, 1.535615844726562e+03, 1.863139038085938e+03, 2.447637451171875e+03, 2.05738037109375e+03, 2.025658203125e+03, 2.016677856445312e+03, 2.410996337890625e+03, 2.612304443359375e+03, 2.276923095703125e+03, 2.4820283203125e+03, 2.534015869140625e+03, 1.988015258789062e+03, 2.315023193359375e+03, 2.15172900390625e+03, 1.76811865234375e+03, 1.26936279296875e+03, 4.599322814941406e+02, 6.937103271484375e+02, 5.028211059570312e+02, 2.943192749023438e+02, 8.075905609130859e+01, 5.616898803710938e+02, 7.640186157226562e+02, 1.558762084960938e+03, 1.537963745117188e+03, 1.512733642578125e+03, 1.42623876953125e+03, 2.043975341796875e+03, 2.081630126953125e+03, 1.630266235351562e+03, 1.281370483398438e+03, 1.348493530273438e+03, 1.341107543945312e+03, 1.285404541015625e+03, 3.991404418945312e+02, 0e+00, 0e+00, 0e+00, 0e+00, 0e+00, 0e+00, 0e+00, 2.161038208007812e+02, 6.784409790039062e+02, 8.308551025390625e+02, 1.1941953125e+03, 1.404880004882812e+03, 1.635518310546875e+03]
flo.cor.heaPorAir.Q_flow=[1.0476017578125e+04, 0e+00, 0e+00, 0e+00, 0e+00, 0e+00, 0e+00, 0e+00, 0e+00, 0e+00, 0e+00, 0e+00, 0e+00, 0e+00, 0e+00, 0e+00, 0e+00, 0e+00, 0e+00, 0e+00, 0e+00, 9.002413940429688e+01, 1.771493072509766e+02, 2.492763977050781e+02, 3.185299377441406e+02, 3.816551208496094e+02, 2.474297027587891e+02, 0e+00, 0e+00, 0e+00, 0e+00, 3.241621398925781e+01, 5.271458435058594e+01, 0e+00, 1.087083740234375e+02, 4.026959533691406e+02, 4.632430114746094e+02, 4.841537170410156e+02, 5.007785949707031e+02, 5.189070434570312e+02, 5.390382690429688e+02, 5.677249145507812e+02, 5.940020751953125e+02, 6.20201171875e+02, 6.470963745117188e+02, 6.74666259765625e+02, 7.04649169921875e+02, 5.4418896484375e+02, 4.9687255859375e+02, 5.289729614257812e+02, 5.489006958007812e+02, 5.453806762695312e+02, 5.066135559082031e+02, 4.138037109375e+02, 4.790994262695312e+02, 5.842994384765625e+02, 5.950009765625e+02, 5.852680053710938e+02, 5.756436767578125e+02, 5.703344116210938e+02, 5.681380615234375e+02, 4.579832763671875e+02, 4.541886596679688e+02, 4.52688232421875e+02, 4.5300634765625e+02, 4.2056494140625e+02, 2.099434967041016e+02, 0e+00, 0e+00, 0e+00, 0e+00, 0e+00, 0e+00, 0e+00, 0e+00, 0e+00, 0e+00, 0e+00, 0e+00, 0e+00, 0e+00, 0e+00, 0e+00, 0e+00, 1.815914726257324e+01, 1.273691654205322e+01, 0e+00, 0e+00, 0e+00, 0e+00, 0e+00, 0e+00, 0e+00, 0e+00, 0e+00, 0e+00, 0e+00, 0e+00, 0e+00, 0e+00, 0e+00]
EHea.y=[0e+00, 4.4295792e+07, 6.7630096e+07, 9.4257456e+07, 1.23434872e+08, 1.5385312e+08, 1.87169488e+08, 2.1105144e+08, 2.20161264e+08, 2.24999024e+08, 2.28036352e+08, 2.34403104e+08, 2.38489152e+08, 2.42186176e+08, 2.48227424e+08, 2.69636224e+08, 3.05436128e+08, 3.45553152e+08, 3.8613664e+08, 4.30760544e+08, 4.80879776e+08, 5.34098624e+08, 5.86853184e+08, 6.404656e+08, 6.96697664e+08, 7.54398784e+08, 8.11296448e+08, 8.61839168e+08, 9.0329632e+08, 9.40014208e+08, 9.73508672e+08, 1.005758912e+09, 1.038191552e+09, 1.07043488e+09, 1.111810944e+09, 1.163519232e+09, 1.217705984e+09, 1.271101568e+09, 1.325494656e+09, 1.3809632e+09, 1.436970624e+09, 1.494669952e+09, 1.553586304e+09, 1.613380096e+09, 1.674115072e+09, 1.736084608e+09, 1.798812928e+09, 1.856160384e+09, 1.901663872e+09, 1.942344064e+09, 1.981834624e+09, 2.019346304e+09, 2.059999232e+09, 2.100668544e+09, 2.141808256e+09, 2.188255488e+09, 2.236130816e+09, 2.284194048e+09, 2.332827392e+09, 2.384706304e+09, 2.438721024e+09, 2.489465088e+09, 2.54290304e+09, 2.595004928e+09, 2.646714112e+09, 2.698021376e+09, 2.747475968e+09, 2.788104448e+09, 2.809932032e+09, 2.821393152e+09, 2.827983872e+09, 2.834633472e+09, 2.836992256e+09, 2.8372928e+09, 2.83942528e+09, 2.854110976e+09, 2.876502272e+09, 2.900361984e+09, 2.924706048e+09, 2.950863872e+09, 2.979193088e+09, 3.010687744e+09, 3.041037056e+09, 3.070276864e+09, 3.099940352e+09, 3.130710016e+09, 3.160719616e+09, 3.180162304e+09, 3.181481984e+09, 3.181481984e+09, 3.181481984e+09, 3.181481984e+09, 3.181481984e+09, 3.181481984e+09, 3.181481984e+09, 3.182812672e+09, 3.192796416e+09, 3.207431936e+09, 3.225625344e+09, 3.246472448e+09, 3.270168064e+09]
ECoo.y=[0e+00, -2.620737e+06, -2.620737e+06, -2.620737e+06, -2.620737e+06, -2.620737e+06, -2.620737e+06, -2.620737e+06, -2.620737e+06, -2.620737e+06, -2.620737e+06, -2.620737e+06, -2.620737e+06, -2.620737e+06, -2.620737e+06, -2.620737e+06, -2.620737e+06, -2.620737e+06, -2.620737e+06, -2.620737e+06, -2.620737e+06, -2.620737e+06, -2.620737e+06, -2.620737e+06, -2.620737e+06, -2.620737e+06, -2.620737e+06, -2.620737e+06, -2.620737e+06, -2.620737e+06, -2.620737e+06, -2.620737e+06, -2.620737e+06, -2.620737e+06, -2.620737e+06, -2.620737e+06, -2.620737e+06, -2.620737e+06, -2.620737e+06, -2.620737e+06, -2.620737e+06, -2.620737e+06, -2.620737e+06, -2.620737e+06, -2.620737e+06, -2.620737e+06, -2.620737e+06, -2.620737e+06, -2.620737e+06, -2.620737e+06, -2.620737e+06, -2.620737e+06, -2.620737e+06, -2.620737e+06, -2.620737e+06, -2.620737e+06, -2.620737e+06, -2.620737e+06, -2.620737e+06, -2.620737e+06, -2.620737e+06, -2.620737e+06, -2.620737e+06, -2.620737e+06, -2.620737e+06, -2.620737e+06, -2.620737e+06, -2.620737e+06, -2.620737e+06, -2.620737e+06, -2.620737e+06, -2.620737e+06, -2.620737e+06, -2.620737e+06, -2.620737e+06, -2.620737e+06, -2.620737e+06, -2.620737e+06, -2.620737e+06, -2.620737e+06, -2.620737e+06, -2.620737e+06, -2.620737e+06, -2.620737e+06, -2.620737e+06, -2.620737e+06, -2.620737e+06, -2.620737e+06, -2.620737e+06, -2.620737e+06, -2.620737e+06, -2.620737e+06, -2.620737e+06, -2.620737e+06, -2.620737e+06, -2.620737e+06, -2.620737e+06, -2.620737e+06, -2.620737e+06, -2.620737e+06, -2.620737e+06]
coo[1].conPID.y=[0e+00, 0e+00, 0e+00, 0e+00, 0e+00, 0e+00, 0e+00, 0e+00, 0e+00, 0e+00, 0e+00, 0e+00, 0e+00, 0e+00, 0e+00, 0e+00, 0e+00, 0e+00, 0e+00, 0e+00, 0e+00, 0e+00, 0e+00, 0e+00, 0e+00, 0e+00, 0e+00, 0e+00, 0e+00, 0e+00, 0e+00, 0e+00, 0e+00, 0e+00, 0e+00, 0e+00, 0e+00, 0e+00, 0e+00, 0e+00, 0e+00, 0e+00, 0e+00, 0e+00, 0e+00, 0e+00, 0e+00, 0e+00, 0e+00, 0e+00, 0e+00, 0e+00, 0e+00, 0e+00, 0e+00, 0e+00, 0e+00, 0e+00, 0e+00, 0e+00, 0e+00, 0e+00, 0e+00, 0e+00, 0e+00, 0e+00, 0e+00, 0e+00, 0e+00, 0e+00, 0e+00, 0e+00, 0e+00, 0e+00, 0e+00, 0e+00, 0e+00, 0e+00, 0e+00, 0e+00, 0e+00, 0e+00, 0e+00, 0e+00, 0e+00, 0e+00, 0e+00, 0e+00, 0e+00, 0e+00, 0e+00, 0e+00, 0e+00, 0e+00, 0e+00, 0e+00, 0e+00, 0e+00, 0e+00, 0e+00, 0e+00]
coo[2].conPID.y=[0e+00, 0e+00, 0e+00, 0e+00, 0e+00, 0e+00, 0e+00, 0e+00, 0e+00, 0e+00, 0e+00, 0e+00, 0e+00, 0e+00, 0e+00, 0e+00, 0e+00, 0e+00, 0e+00, 0e+00, 0e+00, 0e+00, 0e+00, 0e+00, 0e+00, 0e+00, 0e+00, 0e+00, 0e+00, 0e+00, 0e+00, 0e+00, 0e+00, 0e+00, 0e+00, 0e+00, 0e+00, 0e+00, 0e+00, 0e+00, 0e+00, 0e+00, 0e+00, 0e+00, 0e+00, 0e+00, 0e+00, 0e+00, 0e+00, 0e+00, 0e+00, 0e+00, 0e+00, 0e+00, 0e+00, 0e+00, 0e+00, 0e+00, 0e+00, 0e+00, 0e+00, 0e+00, 0e+00, 0e+00, 0e+00, 0e+00, 0e+00, 0e+00, 0e+00, 0e+00, 0e+00, 0e+00, 0e+00, 0e+00, 0e+00, 0e+00, 0e+00, 0e+00, 0e+00, 0e+00, 0e+00, 0e+00, 0e+00, 0e+00, 0e+00, 0e+00, 0e+00, 0e+00, 0e+00, 0e+00, 0e+00, 0e+00, 0e+00, 0e+00, 0e+00, 0e+00, 0e+00, 0e+00, 0e+00, 0e+00, 0e+00]
coo[3].conPID.y=[0e+00, 0e+00, 0e+00, 0e+00, 0e+00, 0e+00, 0e+00, 0e+00, 0e+00, 0e+00, 0e+00, 0e+00, 0e+00, 0e+00, 0e+00, 0e+00, 0e+00, 0e+00, 0e+00, 0e+00, 0e+00, 0e+00, 0e+00, 0e+00, 0e+00, 0e+00, 0e+00, 0e+00, 0e+00, 0e+00, 0e+00, 0e+00, 0e+00, 0e+00, 0e+00, 0e+00, 0e+00, 0e+00, 0e+00, 0e+00, 0e+00, 0e+00, 0e+00, 0e+00, 0e+00, 0e+00, 0e+00, 0e+00, 0e+00, 0e+00, 0e+00, 0e+00, 0e+00, 0e+00, 0e+00, 0e+00, 0e+00, 0e+00, 0e+00, 0e+00, 0e+00, 0e+00, 0e+00, 0e+00, 0e+00, 0e+00, 0e+00, 0e+00, 0e+00, 0e+00, 0e+00, 0e+00, 0e+00, 0e+00, 0e+00, 0e+00, 0e+00, 0e+00, 0e+00, 0e+00, 0e+00, 0e+00, 0e+00, 0e+00, 0e+00, 0e+00, 0e+00, 0e+00, 0e+00, 0e+00, 0e+00, 0e+00, 0e+00, 0e+00, 0e+00, 0e+00, 0e+00, 0e+00, 0e+00, 0e+00, 0e+00]
coo[4].conPID.y=[0e+00, 0e+00, 0e+00, 0e+00, 0e+00, 0e+00, 0e+00, 0e+00, 0e+00, 0e+00, 0e+00, 0e+00, 0e+00, 0e+00, 0e+00, 0e+00, 0e+00, 0e+00, 0e+00, 0e+00, 0e+00, 0e+00, 0e+00, 0e+00, 0e+00, 0e+00, 0e+00, 0e+00, 0e+00, 0e+00, 0e+00, 0e+00, 0e+00, 0e+00, 0e+00, 0e+00, 0e+00, 0e+00, 0e+00, 0e+00, 0e+00, 0e+00, 0e+00, 0e+00, 0e+00, 0e+00, 0e+00, 0e+00, 0e+00, 0e+00, 0e+00, 0e+00, 0e+00, 0e+00, 0e+00, 0e+00, 0e+00, 0e+00, 0e+00, 0e+00, 0e+00, 0e+00, 0e+00, 0e+00, 0e+00, 0e+00, 0e+00, 0e+00, 0e+00, 0e+00, 0e+00, 0e+00, 0e+00, 0e+00, 0e+00, 0e+00, 0e+00, 0e+00, 0e+00, 0e+00, 0e+00, 0e+00, 0e+00, 0e+00, 0e+00, 0e+00, 0e+00, 0e+00, 0e+00, 0e+00, 0e+00, 0e+00, 0e+00, 0e+00, 0e+00, 0e+00, 0e+00, 0e+00, 0e+00, 0e+00, 0e+00]
coo[5].conPID.y=[0e+00, 0e+00, 0e+00, 0e+00, 0e+00, 0e+00, 0e+00, 0e+00, 0e+00, 0e+00, 0e+00, 0e+00, 0e+00, 0e+00, 0e+00, 0e+00, 0e+00, 0e+00, 0e+00, 0e+00, 0e+00, 0e+00, 0e+00, 0e+00, 0e+00, 0e+00, 0e+00, 0e+00, 0e+00, 0e+00, 0e+00, 0e+00, 0e+00, 0e+00, 0e+00, 0e+00, 0e+00, 0e+00, 0e+00, 0e+00, 0e+00, 0e+00, 0e+00, 0e+00, 0e+00, 0e+00, 0e+00, 0e+00, 0e+00, 0e+00, 0e+00, 0e+00, 0e+00, 0e+00, 0e+00, 0e+00, 0e+00, 0e+00, 0e+00, 0e+00, 0e+00, 0e+00, 0e+00, 0e+00, 0e+00, 0e+00, 0e+00, 0e+00, 0e+00, 0e+00, 0e+00, 0e+00, 0e+00, 0e+00, 0e+00, 0e+00, 0e+00, 0e+00, 0e+00, 0e+00, 0e+00, 0e+00, 0e+00, 0e+00, 0e+00, 0e+00, 0e+00, 0e+00, 0e+00, 0e+00, 0e+00, 0e+00, 0e+00, 0e+00, 0e+00, 0e+00, 0e+00, 0e+00, 0e+00, 0e+00, 0e+00]
