last-generated=2022-08-31
statistics-initialization=
{
  "linear": "0, 0, 0, 0",
  "nonlinear": "0, 0, 0, 0",
  "numerical Jacobians": "0"
}
statistics-simulation=
{
  "linear": "0, 0, 0, 0, 0, 0, 0, 0, 0, 0",
  "nonlinear": "0, 0, 0, 0",
  "number of continuous time states": "30",
  "numerical Jacobians": "0"
}
time=[7.344e+06, 7.776e+06]
flo.TAirCor=[2.751499938964844e+02, 2.9436962890625e+02, 2.942281494140625e+02, 2.9419287109375e+02, 2.941862182617188e+02, 2.940504455566406e+02, 2.954224548339844e+02, 2.961045532226562e+02, 2.965854797363281e+02, 2.969960021972656e+02, 2.973056640625e+02, 2.979959411621094e+02, 2.983598022460938e+02, 2.985502319335938e+02, 2.975053100585938e+02, 2.967085571289062e+02, 2.961927490234375e+02, 2.958806762695312e+02, 2.956990966796875e+02, 2.953932495117188e+02, 2.951891784667969e+02, 2.950516357421875e+02, 2.947526550292969e+02, 2.944841613769531e+02, 2.941231994628906e+02, 2.939104309082031e+02, 2.954019775390625e+02, 2.9618115234375e+02, 2.96390380859375e+02, 2.967418212890625e+02, 2.965982971191406e+02, 2.96908935546875e+02, 2.968214416503906e+02, 2.970149536132812e+02, 2.958981628417969e+02, 2.9518017578125e+02, 2.948484191894531e+02, 2.945535278320312e+02, 2.942899780273438e+02, 2.940690002441406e+02, 2.938534851074219e+02, 2.937543640136719e+02, 2.936039123535156e+02, 2.935363159179688e+02, 2.935205078125e+02, 2.935205688476562e+02, 2.9453076171875e+02, 2.954177551269531e+02, 2.959398193359375e+02, 2.96375e+02, 2.963789978027344e+02, 2.969607238769531e+02, 2.971233520507812e+02, 2.969281005859375e+02, 2.954364624023438e+02, 2.946625061035156e+02, 2.941956787109375e+02, 2.937729187011719e+02, 2.936427612304688e+02, 2.936019287109375e+02, 2.935647277832031e+02, 2.935371704101562e+02, 2.935144958496094e+02, 2.934921569824219e+02, 2.934813232421875e+02, 2.934842224121094e+02, 2.939033813476562e+02, 2.944822692871094e+02, 2.947501525878906e+02, 2.947277526855469e+02, 2.945444030761719e+02, 2.947996215820312e+02, 2.948988647460938e+02, 2.946549072265625e+02, 2.939996643066406e+02, 2.936286926269531e+02, 2.935691528320312e+02, 2.93541748046875e+02, 2.935110778808594e+02, 2.934812316894531e+02, 2.934485473632812e+02, 2.934265441894531e+02, 2.933917236328125e+02, 2.933343811035156e+02, 2.933815307617188e+02, 2.933943481445312e+02, 2.93833984375e+02, 2.942000427246094e+02, 2.944805603027344e+02, 2.947532958984375e+02, 2.946277465820312e+02, 2.949046020507812e+02, 2.946164245605469e+02, 2.944512634277344e+02, 2.9373291015625e+02, 2.935857238769531e+02, 2.935351257324219e+02, 2.935135192871094e+02, 2.934544372558594e+02, 2.934520874023438e+02, 2.933776245117188e+02]
flo.TAirSou=[2.751499938964844e+02, 2.938145751953125e+02, 2.936716613769531e+02, 2.936800842285156e+02, 2.937127685546875e+02, 2.9348779296875e+02, 2.948702697753906e+02, 2.956148681640625e+02, 2.961016540527344e+02, 2.9666064453125e+02, 2.977466735839844e+02, 2.985451965332031e+02, 2.987767944335938e+02, 2.988380432128906e+02, 2.976307983398438e+02, 2.965562744140625e+02, 2.959887084960938e+02, 2.956583557128906e+02, 2.954728698730469e+02, 2.951998901367188e+02, 2.948576049804688e+02, 2.946220092773438e+02, 2.94327392578125e+02, 2.940836486816406e+02, 2.937862548828125e+02, 2.935868835449219e+02, 2.949984741210938e+02, 2.957757263183594e+02, 2.960530395507812e+02, 2.964342041015625e+02, 2.962769775390625e+02, 2.966171264648438e+02, 2.965365905761719e+02, 2.966842346191406e+02, 2.95505615234375e+02, 2.947695617675781e+02, 2.944380187988281e+02, 2.941319580078125e+02, 2.938727111816406e+02, 2.936833801269531e+02, 2.935104064941406e+02, 2.934075317382812e+02, 2.932118530273438e+02, 2.931496887207031e+02, 2.931498107910156e+02, 2.931498413085938e+02, 2.9410888671875e+02, 2.950179443359375e+02, 2.955929260253906e+02, 2.961072387695312e+02, 2.961831970214844e+02, 2.96772216796875e+02, 2.969231872558594e+02, 2.966053771972656e+02, 2.951212158203125e+02, 2.942631530761719e+02, 2.937804565429688e+02, 2.933699340820312e+02, 2.931488952636719e+02, 2.931499633789062e+02, 2.931499938964844e+02, 2.931490173339844e+02, 2.931495666503906e+02, 2.931498107910156e+02, 2.931499938964844e+02, 2.931499633789062e+02, 2.934938049316406e+02, 2.940720825195312e+02, 2.94408447265625e+02, 2.945646362304688e+02, 2.943548583984375e+02, 2.94771484375e+02, 2.948081359863281e+02, 2.945996398925781e+02, 2.93595458984375e+02, 2.931501770019531e+02, 2.931479797363281e+02, 2.931492309570312e+02, 2.931498718261719e+02, 2.9314990234375e+02, 2.931499938964844e+02, 2.93149169921875e+02, 2.931495361328125e+02, 2.931498107910156e+02, 2.931500244140625e+02, 2.931500549316406e+02, 2.932993774414062e+02, 2.936320190429688e+02, 2.937032775878906e+02, 2.939762268066406e+02, 2.940443725585938e+02, 2.942875061035156e+02, 2.936977233886719e+02, 2.936014404296875e+02, 2.931496276855469e+02, 2.931490173339844e+02, 2.931492004394531e+02, 2.931572265625e+02, 2.931500549316406e+02, 2.931499633789062e+02, 2.931499328613281e+02]
flo.TAirNor=[2.751499938964844e+02, 2.940985107421875e+02, 2.93952880859375e+02, 2.939119567871094e+02, 2.939009704589844e+02, 2.937748718261719e+02, 2.951260681152344e+02, 2.957949829101562e+02, 2.962440795898438e+02, 2.966817321777344e+02, 2.969470520019531e+02, 2.976319580078125e+02, 2.980152893066406e+02, 2.981985168457031e+02, 2.971823120117188e+02, 2.963356018066406e+02, 2.958041076660156e+02, 2.954921875e+02, 2.953240356445312e+02, 2.950574951171875e+02, 2.948338317871094e+02, 2.947469482421875e+02, 2.94542236328125e+02, 2.941718444824219e+02, 2.935676574707031e+02, 2.932695617675781e+02, 2.949475708007812e+02, 2.956931762695312e+02, 2.957930297851562e+02, 2.96169189453125e+02, 2.961401062011719e+02, 2.963370361328125e+02, 2.960718383789062e+02, 2.96566162109375e+02, 2.954459838867188e+02, 2.947341613769531e+02, 2.944133911132812e+02, 2.941169128417969e+02, 2.938590393066406e+02, 2.93673828125e+02, 2.935004272460938e+02, 2.93394287109375e+02, 2.932116394042969e+02, 2.93149658203125e+02, 2.931498413085938e+02, 2.931498413085938e+02, 2.941102905273438e+02, 2.949772338867188e+02, 2.955206604003906e+02, 2.959843139648438e+02, 2.960184936523438e+02, 2.965959167480469e+02, 2.967702941894531e+02, 2.964861755371094e+02, 2.949551391601562e+02, 2.942472839355469e+02, 2.937844543457031e+02, 2.931479797363281e+02, 2.931479797363281e+02, 2.931508483886719e+02, 2.931499633789062e+02, 2.931481018066406e+02, 2.931495971679688e+02, 2.931488647460938e+02, 2.931504821777344e+02, 2.931500854492188e+02, 2.931581726074219e+02, 2.940419616699219e+02, 2.943478088378906e+02, 2.939995727539062e+02, 2.939674987792969e+02, 2.940061950683594e+02, 2.941001586914062e+02, 2.937846069335938e+02, 2.934857788085938e+02, 2.931498718261719e+02, 2.93150390625e+02, 2.931493225097656e+02, 2.931499328613281e+02, 2.931498718261719e+02, 2.931499938964844e+02, 2.931492614746094e+02, 2.931495971679688e+02, 2.931497802734375e+02, 2.931500244140625e+02, 2.931500854492188e+02, 2.933263549804688e+02, 2.937565002441406e+02, 2.941235961914062e+02, 2.944607543945312e+02, 2.9434619140625e+02, 2.946167602539062e+02, 2.945280151367188e+02, 2.943561401367188e+02, 2.932466125488281e+02, 2.931499938964844e+02, 2.931482238769531e+02, 2.931495971679688e+02, 2.931500549316406e+02, 2.931499633789062e+02, 2.931499328613281e+02]
flo.TAirEas=[2.751499938964844e+02, 2.942483825683594e+02, 2.940358276367188e+02, 2.939835510253906e+02, 2.939610595703125e+02, 2.938299560546875e+02, 2.9518896484375e+02, 2.958445739746094e+02, 2.962863464355469e+02, 2.967598571777344e+02, 2.970075378417969e+02, 2.977063598632812e+02, 2.980881958007812e+02, 2.982509155273438e+02, 2.972283325195312e+02, 2.963384704589844e+02, 2.957973937988281e+02, 2.95483154296875e+02, 2.953078308105469e+02, 2.947655029296875e+02, 2.94802978515625e+02, 2.947264404296875e+02, 2.945379638671875e+02, 2.938441162109375e+02, 2.936876525878906e+02, 2.935137023925781e+02, 2.950147705078125e+02, 2.957071838378906e+02, 2.959616394042969e+02, 2.962984619140625e+02, 2.960614318847656e+02, 2.962670593261719e+02, 2.963982543945312e+02, 2.961534423828125e+02, 2.953614501953125e+02, 2.946822509765625e+02, 2.943592834472656e+02, 2.940571899414062e+02, 2.937990417480469e+02, 2.936153564453125e+02, 2.934469909667969e+02, 2.933451232910156e+02, 2.9314990234375e+02, 2.931497497558594e+02, 2.931498413085938e+02, 2.931498107910156e+02, 2.940691223144531e+02, 2.949690551757812e+02, 2.955162353515625e+02, 2.959686584472656e+02, 2.960012512207031e+02, 2.965746765136719e+02, 2.967360534667969e+02, 2.961855163574219e+02, 2.945564270019531e+02, 2.938569641113281e+02, 2.933423156738281e+02, 2.931537780761719e+02, 2.931493835449219e+02, 2.931499938964844e+02, 2.931499938964844e+02, 2.931491394042969e+02, 2.931495361328125e+02, 2.931450500488281e+02, 2.931508178710938e+02, 2.931501159667969e+02, 2.931550598144531e+02, 2.934268188476562e+02, 2.935674438476562e+02, 2.936945190429688e+02, 2.934723815917969e+02, 2.937779541015625e+02, 2.93870849609375e+02, 2.935419006347656e+02, 2.931523132324219e+02, 2.931513671875e+02, 2.931470336914062e+02, 2.931485595703125e+02, 2.931517639160156e+02, 2.931504821777344e+02, 2.931495666503906e+02, 2.931484375e+02, 2.93149658203125e+02, 2.931487426757812e+02, 2.931532592773438e+02, 2.93151123046875e+02, 2.931597900390625e+02, 2.933884582519531e+02, 2.940736999511719e+02, 2.944105529785156e+02, 2.942861938476562e+02, 2.945413513183594e+02, 2.94454345703125e+02, 2.942666320800781e+02, 2.931552734375e+02, 2.931499938964844e+02, 2.931480407714844e+02, 2.931495361328125e+02, 2.931500549316406e+02, 2.931499938964844e+02, 2.931499633789062e+02]
flo.TAirWes=[2.751499938964844e+02, 2.942974853515625e+02, 2.940722351074219e+02, 2.940159301757812e+02, 2.939910888671875e+02, 2.938545837402344e+02, 2.951414184570312e+02, 2.95501953125e+02, 2.962504272460938e+02, 2.9646923828125e+02, 2.967628479003906e+02, 2.974336853027344e+02, 2.980359497070312e+02, 2.983944702148438e+02, 2.971852111816406e+02, 2.965087280273438e+02, 2.958910522460938e+02, 2.95562255859375e+02, 2.953881225585938e+02, 2.951270141601562e+02, 2.94896728515625e+02, 2.948120422363281e+02, 2.942065124511719e+02, 2.9422998046875e+02, 2.937518310546875e+02, 2.935567016601562e+02, 2.949252014160156e+02, 2.956868896484375e+02, 2.959710998535156e+02, 2.963079223632812e+02, 2.96142822265625e+02, 2.964856567382812e+02, 2.964505310058594e+02, 2.966222839355469e+02, 2.954560546875e+02, 2.947235717773438e+02, 2.943866882324219e+02, 2.940823974609375e+02, 2.938186645507812e+02, 2.934797668457031e+02, 2.93153564453125e+02, 2.931473388671875e+02, 2.931499938964844e+02, 2.931510314941406e+02, 2.931498718261719e+02, 2.931498107910156e+02, 2.939138793945312e+02, 2.948958435058594e+02, 2.954487609863281e+02, 2.959248657226562e+02, 2.9597509765625e+02, 2.965654296875e+02, 2.965375061035156e+02, 2.965133056640625e+02, 2.950978393554688e+02, 2.942557373046875e+02, 2.937406616210938e+02, 2.933386840820312e+02, 2.931494140625e+02, 2.931499938964844e+02, 2.931499938964844e+02, 2.931490478515625e+02, 2.931495666503906e+02, 2.931498413085938e+02, 2.931499938964844e+02, 2.931499938964844e+02, 2.934254760742188e+02, 2.939769287109375e+02, 2.942861328125e+02, 2.944034118652344e+02, 2.941826171875e+02, 2.945679321289062e+02, 2.946927490234375e+02, 2.945526123046875e+02, 2.935770568847656e+02, 2.931501770019531e+02, 2.931479187011719e+02, 2.931492919921875e+02, 2.931499328613281e+02, 2.9314990234375e+02, 2.931499938964844e+02, 2.93149169921875e+02, 2.931495361328125e+02, 2.931498718261719e+02, 2.931500549316406e+02, 2.931500854492188e+02, 2.932230834960938e+02, 2.9367138671875e+02, 2.9404541015625e+02, 2.942155456542969e+02, 2.938411560058594e+02, 2.938861083984375e+02, 2.938137817382812e+02, 2.933933715820312e+02, 2.931466979980469e+02, 2.931495056152344e+02, 2.931492614746094e+02, 2.931445617675781e+02, 2.931509094238281e+02, 2.9315087890625e+02, 2.931508483886719e+02]
hea[1].conPID.y=[1e+00, 0e+00, 0e+00, 0e+00, 0e+00, 0e+00, 0e+00, 0e+00, 0e+00, 0e+00, 0e+00, 0e+00, 0e+00, 0e+00, 0e+00, 0e+00, 0e+00, 0e+00, 0e+00, 0e+00, 0e+00, 0e+00, 0e+00, 0e+00, 0e+00, 0e+00, 0e+00, 0e+00, 0e+00, 0e+00, 0e+00, 0e+00, 0e+00, 0e+00, 0e+00, 0e+00, 0e+00, 0e+00, 0e+00, 0e+00, 0e+00, 0e+00, 0e+00, 2.028697915375233e-02, 3.575835004448891e-02, 4.321694001555443e-02, 0e+00, 0e+00, 0e+00, 0e+00, 0e+00, 0e+00, 0e+00, 0e+00, 0e+00, 0e+00, 0e+00, 0e+00, 3.967314027249813e-03, 3.110737353563309e-02, 5.552687495946884e-02, 7.0623978972435e-02, 8.294297754764557e-02, 9.871745109558105e-02, 1.093339622020721e-01, 1.095256432890892e-01, 0e+00, 0e+00, 0e+00, 0e+00, 0e+00, 0e+00, 0e+00, 0e+00, 0e+00, 7.028692401945591e-03, 5.51370270550251e-02, 7.274451851844788e-02, 9.078998863697052e-02, 1.09528549015522e-01, 1.264077723026276e-01, 1.395873576402664e-01, 1.522829383611679e-01, 1.64127454161644e-01, 1.614193320274353e-01, 1.526775658130646e-01, 0e+00, 0e+00, 0e+00, 0e+00, 0e+00, 0e+00, 0e+00, 0e+00, 9.50901135802269e-02, 2.288451939821243e-01, 2.863422334194183e-01, 2.049057185649872e-01, 1.410510689020157e-01, 1.557796001434326e-01, 1.857856959104538e-01]
hea[2].conPID.y=[1e+00, 0e+00, 0e+00, 0e+00, 0e+00, 0e+00, 0e+00, 0e+00, 0e+00, 0e+00, 0e+00, 0e+00, 0e+00, 0e+00, 0e+00, 0e+00, 0e+00, 0e+00, 0e+00, 0e+00, 0e+00, 0e+00, 0e+00, 0e+00, 0e+00, 0e+00, 0e+00, 0e+00, 0e+00, 0e+00, 0e+00, 0e+00, 0e+00, 0e+00, 0e+00, 0e+00, 0e+00, 0e+00, 0e+00, 0e+00, 0e+00, 0e+00, 7.564453408122063e-04, 3.04295253008604e-02, 4.527849704027176e-02, 4.529016092419624e-02, 0e+00, 0e+00, 0e+00, 0e+00, 0e+00, 0e+00, 0e+00, 0e+00, 0e+00, 0e+00, 0e+00, 0e+00, 2.164453826844692e-02, 4.545295238494873e-02, 6.766767799854279e-02, 8.079686760902405e-02, 9.286253154277802e-02, 1.801984161138535e-01, 2.13516965508461e-01, 1.812345534563065e-01, 8.576132357120514e-03, 0e+00, 0e+00, 0e+00, 0e+00, 0e+00, 0e+00, 0e+00, 1.357722878456116e-01, 1.759083569049835e-01, 2.31724739074707e-01, 2.980313003063202e-01, 2.965456247329712e-01, 2.894034385681152e-01, 3.019272685050964e-01, 3.44102680683136e-01, 3.711006641387939e-01, 3.952988982200623e-01, 3.420174121856689e-01, 3.38888943195343e-01, 7.273797690868378e-02, 0e+00, 0e+00, 0e+00, 0e+00, 0e+00, 0e+00, 0e+00, 0e+00, 7.028262317180634e-02, 1.048160865902901e-01, 1.239759474992752e-01, 1.444230973720551e-01, 1.600707918405533e-01, 1.895866692066193e-01]
hea[3].conPID.y=[1e+00, 0e+00, 0e+00, 0e+00, 0e+00, 0e+00, 0e+00, 0e+00, 0e+00, 0e+00, 0e+00, 0e+00, 0e+00, 0e+00, 0e+00, 0e+00, 0e+00, 0e+00, 0e+00, 0e+00, 0e+00, 0e+00, 0e+00, 0e+00, 0e+00, 0e+00, 0e+00, 0e+00, 0e+00, 0e+00, 0e+00, 0e+00, 0e+00, 0e+00, 0e+00, 0e+00, 0e+00, 0e+00, 0e+00, 0e+00, 0e+00, 0e+00, 0e+00, 1.925722695887089e-02, 3.36378738284111e-02, 4.037824645638466e-02, 0e+00, 0e+00, 0e+00, 0e+00, 0e+00, 0e+00, 0e+00, 0e+00, 0e+00, 0e+00, 0e+00, 5.667079240083694e-02, 1.268117874860764e-01, 1.428000926971436e-01, 1.894752085208893e-01, 1.723863333463669e-01, 2.062248438596725e-01, 2.293552458286285e-01, 2.344814836978912e-01, 2.08189383149147e-01, 1.324768923223019e-02, 0e+00, 0e+00, 0e+00, 0e+00, 0e+00, 0e+00, 0e+00, 0e+00, 6.268267333507538e-02, 9.528030455112457e-02, 7.547620683908463e-02, 9.045696258544922e-02, 1.093012765049934e-01, 1.25053346157074e-01, 1.371287256479263e-01, 1.475365608930588e-01, 1.583425104618073e-01, 1.539453119039536e-01, 1.448207050561905e-01, 0e+00, 0e+00, 0e+00, 0e+00, 0e+00, 0e+00, 0e+00, 0e+00, 0e+00, 5.165452882647514e-02, 8.581720292568207e-02, 1.037228479981422e-01, 1.243403106927872e-01, 1.391468793153763e-01, 1.694798618555069e-01]
hea[4].conPID.y=[1e+00, 0e+00, 0e+00, 0e+00, 0e+00, 0e+00, 0e+00, 0e+00, 0e+00, 0e+00, 0e+00, 0e+00, 0e+00, 0e+00, 0e+00, 0e+00, 0e+00, 0e+00, 0e+00, 0e+00, 0e+00, 0e+00, 0e+00, 0e+00, 0e+00, 0e+00, 0e+00, 0e+00, 0e+00, 0e+00, 0e+00, 0e+00, 0e+00, 0e+00, 0e+00, 0e+00, 0e+00, 0e+00, 0e+00, 0e+00, 0e+00, 1.130491681396961e-02, 7.107429206371307e-02, 5.936155840754509e-02, 4.464668408036232e-02, 5.19564114511013e-02, 0e+00, 0e+00, 0e+00, 0e+00, 0e+00, 0e+00, 0e+00, 0e+00, 0e+00, 0e+00, 0e+00, 0e+00, 1.119428593665361e-02, 3.808972612023354e-02, 6.105393916368484e-02, 7.595466822385788e-02, 8.792837709188461e-02, 1.036079674959183e-01, 1.144325658679008e-01, 1.154467165470123e-01, 0e+00, 0e+00, 0e+00, 0e+00, 0e+00, 0e+00, 0e+00, 0e+00, 0e+00, 1.113669387996197e-02, 6.536254286766052e-02, 8.196999132633209e-02, 9.905745089054108e-02, 1.182173192501068e-01, 1.345545202493668e-01, 1.473672091960907e-01, 1.583326458930969e-01, 1.690625697374344e-01, 1.67174756526947e-01, 1.586611121892929e-01, 0e+00, 0e+00, 0e+00, 0e+00, 0e+00, 0e+00, 0e+00, 0e+00, 2.174874544143677e-01, 2.721992433071136e-01, 3.327268660068512e-01, 3.295623660087585e-01, 3.92324298620224e-01, 3.742534220218658e-01, 3.700915277004242e-01]
hea[5].conPID.y=[1e+00, 0e+00, 0e+00, 0e+00, 0e+00, 0e+00, 0e+00, 0e+00, 0e+00, 0e+00, 0e+00, 0e+00, 0e+00, 0e+00, 0e+00, 0e+00, 0e+00, 0e+00, 0e+00, 0e+00, 0e+00, 0e+00, 0e+00, 0e+00, 0e+00, 0e+00, 0e+00, 0e+00, 0e+00, 0e+00, 0e+00, 0e+00, 0e+00, 0e+00, 0e+00, 0e+00, 0e+00, 0e+00, 0e+00, 0e+00, 0e+00, 0e+00, 0e+00, 0e+00, 0e+00, 0e+00, 0e+00, 0e+00, 0e+00, 0e+00, 0e+00, 0e+00, 0e+00, 0e+00, 0e+00, 0e+00, 0e+00, 0e+00, 0e+00, 0e+00, 0e+00, 0e+00, 0e+00, 0e+00, 0e+00, 0e+00, 0e+00, 0e+00, 0e+00, 0e+00, 0e+00, 0e+00, 0e+00, 0e+00, 0e+00, 0e+00, 0e+00, 0e+00, 0e+00, 0e+00, 0e+00, 0e+00, 0e+00, 0e+00, 0e+00, 0e+00, 0e+00, 0e+00, 0e+00, 0e+00, 0e+00, 0e+00, 0e+00, 0e+00, 0e+00, 0e+00, 0e+00, 0e+00, 0e+00, 0e+00, 0e+00]
flo.sou.heaPorAir.Q_flow=[7.9415e+03, 0e+00, 0e+00, 0e+00, 0e+00, 0e+00, 0e+00, 0e+00, 0e+00, 0e+00, 0e+00, 0e+00, 0e+00, 0e+00, 0e+00, 0e+00, 0e+00, 0e+00, 0e+00, 0e+00, 0e+00, 0e+00, 0e+00, 0e+00, 0e+00, 0e+00, 0e+00, 0e+00, 0e+00, 0e+00, 0e+00, 0e+00, 0e+00, 0e+00, 0e+00, 0e+00, 0e+00, 0e+00, 0e+00, 0e+00, 0e+00, 0e+00, 0e+00, 1.611090545654297e+02, 2.839749450683594e+02, 3.432073364257812e+02, 0e+00, 0e+00, 0e+00, 0e+00, 0e+00, 0e+00, 0e+00, 0e+00, 0e+00, 0e+00, 0e+00, 0e+00, 3.150642585754395e+01, 2.470391998291016e+02, 4.409666748046875e+02, 5.608602905273438e+02, 6.58691650390625e+02, 7.839646606445312e+02, 8.682756958007812e+02, 8.697979125976562e+02, 0e+00, 0e+00, 0e+00, 0e+00, 0e+00, 0e+00, 0e+00, 0e+00, 0e+00, 5.5818359375e+01, 4.378706970214844e+02, 5.777006225585938e+02, 7.210087280273438e+02, 8.698209838867188e+02, 1.003867370605469e+03, 1.108532958984375e+03, 1.20935498046875e+03, 1.303418212890625e+03, 1.28191162109375e+03, 1.212488891601562e+03, 0e+00, 0e+00, 0e+00, 0e+00, 0e+00, 0e+00, 0e+00, 0e+00, 7.551581420898438e+02, 1.817374145507812e+03, 2.27398681640625e+03, 1.6272587890625e+03, 1.120157104492188e+03, 1.237123657226562e+03, 1.475417114257812e+03]
flo.eas.heaPorAir.Q_flow=[4.711e+03, 0e+00, 0e+00, 0e+00, 0e+00, 0e+00, 0e+00, 0e+00, 0e+00, 0e+00, 0e+00, 0e+00, 0e+00, 0e+00, 0e+00, 0e+00, 0e+00, 0e+00, 0e+00, 0e+00, 0e+00, 0e+00, 0e+00, 0e+00, 0e+00, 0e+00, 0e+00, 0e+00, 0e+00, 0e+00, 0e+00, 0e+00, 0e+00, 0e+00, 0e+00, 0e+00, 0e+00, 0e+00, 0e+00, 0e+00, 0e+00, 0e+00, 3.563613891601562e+00, 1.433534851074219e+02, 2.133069915771484e+02, 2.133619384765625e+02, 0e+00, 0e+00, 0e+00, 0e+00, 0e+00, 0e+00, 0e+00, 0e+00, 0e+00, 0e+00, 0e+00, 0e+00, 1.01967414855957e+02, 2.141288604736328e+02, 3.187824401855469e+02, 3.806340637207031e+02, 4.374754028320312e+02, 8.489147338867188e+02, 1.00587841796875e+03, 8.537959594726562e+02, 4.040215682983398e+01, 0e+00, 0e+00, 0e+00, 0e+00, 0e+00, 0e+00, 0e+00, 6.39623291015625e+02, 8.287042846679688e+02, 1.0916552734375e+03, 1.404025390625e+03, 1.3970263671875e+03, 1.363379638671875e+03, 1.42237939453125e+03, 1.621067749023438e+03, 1.748255249023438e+03, 1.862253173828125e+03, 1.611244018554688e+03, 1.596505737304688e+03, 3.426686096191406e+02, 0e+00, 0e+00, 0e+00, 0e+00, 0e+00, 0e+00, 0e+00, 0e+00, 3.311014404296875e+02, 4.9378857421875e+02, 5.840506591796875e+02, 6.803772583007812e+02, 7.54093505859375e+02, 8.93142822265625e+02]
flo.nor.heaPorAir.Q_flow=[7.9415e+03, 0e+00, 0e+00, 0e+00, 0e+00, 0e+00, 0e+00, 0e+00, 0e+00, 0e+00, 0e+00, 0e+00, 0e+00, 0e+00, 0e+00, 0e+00, 0e+00, 0e+00, 0e+00, 0e+00, 0e+00, 0e+00, 0e+00, 0e+00, 0e+00, 0e+00, 0e+00, 0e+00, 0e+00, 0e+00, 0e+00, 0e+00, 0e+00, 0e+00, 0e+00, 0e+00, 0e+00, 0e+00, 0e+00, 0e+00, 0e+00, 0e+00, 0e+00, 1.529312744140625e+02, 2.671351928710938e+02, 3.206638488769531e+02, 0e+00, 0e+00, 0e+00, 0e+00, 0e+00, 0e+00, 0e+00, 0e+00, 0e+00, 0e+00, 0e+00, 4.500511169433594e+02, 1.007075805664062e+03, 1.134046875e+03, 1.504717407226562e+03, 1.369005981445312e+03, 1.637734619140625e+03, 1.821424682617188e+03, 1.862134765625e+03, 1.653336059570312e+03, 1.052065200805664e+02, 0e+00, 0e+00, 0e+00, 0e+00, 0e+00, 0e+00, 0e+00, 0e+00, 4.9779443359375e+02, 7.566685180664062e+02, 5.99394287109375e+02, 7.18364013671875e+02, 8.6801611328125e+02, 9.931111450195312e+02, 1.089007690429688e+03, 1.17166162109375e+03, 1.25747705078125e+03, 1.222556640625e+03, 1.150093627929688e+03, 0e+00, 0e+00, 0e+00, 0e+00, 0e+00, 0e+00, 0e+00, 0e+00, 0e+00, 4.102144470214844e+02, 6.81517333984375e+02, 8.237150268554688e+02, 9.874486083984375e+02, 1.105034912109375e+03, 1.34592431640625e+03]
flo.wes.heaPorAir.Q_flow=[4.711e+03, 0e+00, 0e+00, 0e+00, 0e+00, 0e+00, 0e+00, 0e+00, 0e+00, 0e+00, 0e+00, 0e+00, 0e+00, 0e+00, 0e+00, 0e+00, 0e+00, 0e+00, 0e+00, 0e+00, 0e+00, 0e+00, 0e+00, 0e+00, 0e+00, 0e+00, 0e+00, 0e+00, 0e+00, 0e+00, 0e+00, 0e+00, 0e+00, 0e+00, 0e+00, 0e+00, 0e+00, 0e+00, 0e+00, 0e+00, 0e+00, 5.325746536254883e+01, 3.348309936523438e+02, 2.796523132324219e+02, 2.103305206298828e+02, 2.447666625976562e+02, 0e+00, 0e+00, 0e+00, 0e+00, 0e+00, 0e+00, 0e+00, 0e+00, 0e+00, 0e+00, 0e+00, 0e+00, 5.273628234863281e+01, 1.794407043457031e+02, 2.876251220703125e+02, 3.578224487304688e+02, 4.142305908203125e+02, 4.880971374511719e+02, 5.39091796875e+02, 5.438694458007812e+02, 0e+00, 0e+00, 0e+00, 0e+00, 0e+00, 0e+00, 0e+00, 0e+00, 0e+00, 5.24649658203125e+01, 3.079229431152344e+02, 3.861606140136719e+02, 4.6665966796875e+02, 5.569217529296875e+02, 6.338863525390625e+02, 6.942468872070312e+02, 7.459050903320312e+02, 7.964537963867188e+02, 7.87560302734375e+02, 7.474524536132812e+02, 0e+00, 0e+00, 0e+00, 0e+00, 0e+00, 0e+00, 0e+00, 0e+00, 1.024583374023438e+03, 1.282330688476562e+03, 1.567476196289062e+03, 1.552568359375e+03, 1.84823974609375e+03, 1.763107788085938e+03, 1.743501098632812e+03]
flo.cor.heaPorAir.Q_flow=[1.0476017578125e+04, 0e+00, 0e+00, 0e+00, 0e+00, 0e+00, 0e+00, 0e+00, 0e+00, 0e+00, 0e+00, 0e+00, 0e+00, 0e+00, 0e+00, 0e+00, 0e+00, 0e+00, 0e+00, 0e+00, 0e+00, 0e+00, 0e+00, 0e+00, 0e+00, 0e+00, 0e+00, 0e+00, 0e+00, 0e+00, 0e+00, 0e+00, 0e+00, 0e+00, 0e+00, 0e+00, 0e+00, 0e+00, 0e+00, 0e+00, 0e+00, 0e+00, 0e+00, 0e+00, 0e+00, 0e+00, 0e+00, 0e+00, 0e+00, 0e+00, 0e+00, 0e+00, 0e+00, 0e+00, 0e+00, 0e+00, 0e+00, 0e+00, 0e+00, 0e+00, 0e+00, 0e+00, 0e+00, 0e+00, 0e+00, 0e+00, 0e+00, 0e+00, 0e+00, 0e+00, 0e+00, 0e+00, 0e+00, 0e+00, 0e+00, 0e+00, 0e+00, 0e+00, 0e+00, 0e+00, 0e+00, 0e+00, 0e+00, 0e+00, 0e+00, 0e+00, 0e+00, 0e+00, 0e+00, 0e+00, 0e+00, 0e+00, 0e+00, 0e+00, 0e+00, 0e+00, 0e+00, 0e+00, 0e+00, 0e+00, 0e+00]
EHea.y=[0e+00, 2.5317326e+07, 2.5317326e+07, 2.5317326e+07, 2.5317326e+07, 2.5317326e+07, 2.5317326e+07, 2.5317326e+07, 2.5317326e+07, 2.5317326e+07, 2.5317326e+07, 2.5317326e+07, 2.5317326e+07, 2.5317326e+07, 2.5317326e+07, 2.5317326e+07, 2.5317326e+07, 2.5317326e+07, 2.5317326e+07, 2.5317326e+07, 2.5317326e+07, 2.5317326e+07, 2.5317326e+07, 2.5317326e+07, 2.5317326e+07, 2.5317326e+07, 2.5317326e+07, 2.5317326e+07, 2.5317326e+07, 2.5317326e+07, 2.5317326e+07, 2.5317326e+07, 2.5317326e+07, 2.5317326e+07, 2.5317326e+07, 2.5317326e+07, 2.5317326e+07, 2.5317326e+07, 2.5317326e+07, 2.5317326e+07, 2.5317326e+07, 2.5396672e+07, 2.6403648e+07, 2.8631442e+07, 3.2325006e+07, 3.6767092e+07, 3.9252908e+07, 3.9252908e+07, 3.9252908e+07, 3.9252908e+07, 3.9252908e+07, 3.9252908e+07, 3.9252908e+07, 3.9252908e+07, 3.9252908e+07, 3.9252908e+07, 3.9252908e+07, 4.0110016e+07, 4.3140964e+07, 5.0084948e+07, 5.9543624e+07, 7.06294e+07, 8.331236e+07, 9.7908176e+07, 1.16178424e+08, 1.33761304e+08, 1.46617328e+08, 1.46749904e+08, 1.46749904e+08, 1.46749904e+08, 1.46749904e+08, 1.46749904e+08, 1.46749904e+08, 1.46749904e+08, 1.48746032e+08, 1.53184784e+08, 1.6215656e+08, 1.73899696e+08, 1.87551792e+08, 2.02464496e+08, 2.19291088e+08, 2.37823344e+08, 2.5812048e+08, 2.797128e+08, 3.0219008e+08, 3.22655872e+08, 3.37515712e+08, 3.37948992e+08, 3.37948992e+08, 3.37948992e+08, 3.37948992e+08, 3.37948992e+08, 3.37948992e+08, 3.37948992e+08, 3.41776928e+08, 3.5548784e+08, 3.74659904e+08, 3.95155296e+08, 4.1442768e+08, 4.34905824e+08, 4.57788224e+08]
ECoo.y=[0e+00, -2.26938025e+06, -2.26938025e+06, -2.26938025e+06, -2.26938025e+06, -2.26938025e+06, -2.26938025e+06, -2.26938025e+06, -2.26938025e+06, -2.26938025e+06, -2.26938025e+06, -2.26938025e+06, -2.26938025e+06, -2.26938025e+06, -2.26938025e+06, -2.26938025e+06, -2.26938025e+06, -2.26938025e+06, -2.26938025e+06, -2.26938025e+06, -2.26938025e+06, -2.26938025e+06, -2.26938025e+06, -2.26938025e+06, -2.26938025e+06, -2.26938025e+06, -2.26938025e+06, -2.26938025e+06, -2.26938025e+06, -2.26938025e+06, -2.26938025e+06, -2.26938025e+06, -2.26938025e+06, -2.26938025e+06, -2.26938025e+06, -2.26938025e+06, -2.26938025e+06, -2.26938025e+06, -2.26938025e+06, -2.26938025e+06, -2.26938025e+06, -2.26938025e+06, -2.26938025e+06, -2.26938025e+06, -2.26938025e+06, -2.26938025e+06, -2.26938025e+06, -2.26938025e+06, -2.26938025e+06, -2.26938025e+06, -2.26938025e+06, -2.26938025e+06, -2.26938025e+06, -2.26938025e+06, -2.26938025e+06, -2.26938025e+06, -2.26938025e+06, -2.26938025e+06, -2.26938025e+06, -2.26938025e+06, -2.26938025e+06, -2.26938025e+06, -2.26938025e+06, -2.26938025e+06, -2.26938025e+06, -2.26938025e+06, -2.26938025e+06, -2.26938025e+06, -2.26938025e+06, -2.26938025e+06, -2.26938025e+06, -2.26938025e+06, -2.26938025e+06, -2.26938025e+06, -2.26938025e+06, -2.26938025e+06, -2.26938025e+06, -2.26938025e+06, -2.26938025e+06, -2.26938025e+06, -2.26938025e+06, -2.26938025e+06, -2.26938025e+06, -2.26938025e+06, -2.26938025e+06, -2.26938025e+06, -2.26938025e+06, -2.26938025e+06, -2.26938025e+06, -2.26938025e+06, -2.26938025e+06, -2.26938025e+06, -2.26938025e+06, -2.26938025e+06, -2.26938025e+06, -2.26938025e+06, -2.26938025e+06, -2.26938025e+06, -2.26938025e+06, -2.26938025e+06, -2.26938025e+06]
coo[1].conPID.y=[0e+00, 0e+00, 0e+00, 0e+00, 0e+00, 0e+00, 0e+00, 0e+00, 0e+00, 0e+00, 0e+00, 0e+00, 0e+00, 0e+00, 0e+00, 0e+00, 0e+00, 0e+00, 0e+00, 0e+00, 0e+00, 0e+00, 0e+00, 0e+00, 0e+00, 0e+00, 0e+00, 0e+00, 0e+00, 0e+00, 0e+00, 0e+00, 0e+00, 0e+00, 0e+00, 0e+00, 0e+00, 0e+00, 0e+00, 0e+00, 0e+00, 0e+00, 0e+00, 0e+00, 0e+00, 0e+00, 0e+00, 0e+00, 0e+00, 0e+00, 0e+00, 0e+00, 0e+00, 0e+00, 0e+00, 0e+00, 0e+00, 0e+00, 0e+00, 0e+00, 0e+00, 0e+00, 0e+00, 0e+00, 0e+00, 0e+00, 0e+00, 0e+00, 0e+00, 0e+00, 0e+00, 0e+00, 0e+00, 0e+00, 0e+00, 0e+00, 0e+00, 0e+00, 0e+00, 0e+00, 0e+00, 0e+00, 0e+00, 0e+00, 0e+00, 0e+00, 0e+00, 0e+00, 0e+00, 0e+00, 0e+00, 0e+00, 0e+00, 0e+00, 0e+00, 0e+00, 0e+00, 0e+00, 0e+00, 0e+00, 0e+00]
coo[2].conPID.y=[0e+00, 0e+00, 0e+00, 0e+00, 0e+00, 0e+00, 0e+00, 0e+00, 0e+00, 0e+00, 0e+00, 0e+00, 0e+00, 0e+00, 0e+00, 0e+00, 0e+00, 0e+00, 0e+00, 0e+00, 0e+00, 0e+00, 0e+00, 0e+00, 0e+00, 0e+00, 0e+00, 0e+00, 0e+00, 0e+00, 0e+00, 0e+00, 0e+00, 0e+00, 0e+00, 0e+00, 0e+00, 0e+00, 0e+00, 0e+00, 0e+00, 0e+00, 0e+00, 0e+00, 0e+00, 0e+00, 0e+00, 0e+00, 0e+00, 0e+00, 0e+00, 0e+00, 0e+00, 0e+00, 0e+00, 0e+00, 0e+00, 0e+00, 0e+00, 0e+00, 0e+00, 0e+00, 0e+00, 0e+00, 0e+00, 0e+00, 0e+00, 0e+00, 0e+00, 0e+00, 0e+00, 0e+00, 0e+00, 0e+00, 0e+00, 0e+00, 0e+00, 0e+00, 0e+00, 0e+00, 0e+00, 0e+00, 0e+00, 0e+00, 0e+00, 0e+00, 0e+00, 0e+00, 0e+00, 0e+00, 0e+00, 0e+00, 0e+00, 0e+00, 0e+00, 0e+00, 0e+00, 0e+00, 0e+00, 0e+00, 0e+00]
coo[3].conPID.y=[0e+00, 0e+00, 0e+00, 0e+00, 0e+00, 0e+00, 0e+00, 0e+00, 0e+00, 0e+00, 0e+00, 0e+00, 0e+00, 0e+00, 0e+00, 0e+00, 0e+00, 0e+00, 0e+00, 0e+00, 0e+00, 0e+00, 0e+00, 0e+00, 0e+00, 0e+00, 0e+00, 0e+00, 0e+00, 0e+00, 0e+00, 0e+00, 0e+00, 0e+00, 0e+00, 0e+00, 0e+00, 0e+00, 0e+00, 0e+00, 0e+00, 0e+00, 0e+00, 0e+00, 0e+00, 0e+00, 0e+00, 0e+00, 0e+00, 0e+00, 0e+00, 0e+00, 0e+00, 0e+00, 0e+00, 0e+00, 0e+00, 0e+00, 0e+00, 0e+00, 0e+00, 0e+00, 0e+00, 0e+00, 0e+00, 0e+00, 0e+00, 0e+00, 0e+00, 0e+00, 0e+00, 0e+00, 0e+00, 0e+00, 0e+00, 0e+00, 0e+00, 0e+00, 0e+00, 0e+00, 0e+00, 0e+00, 0e+00, 0e+00, 0e+00, 0e+00, 0e+00, 0e+00, 0e+00, 0e+00, 0e+00, 0e+00, 0e+00, 0e+00, 0e+00, 0e+00, 0e+00, 0e+00, 0e+00, 0e+00, 0e+00]
coo[4].conPID.y=[0e+00, 0e+00, 0e+00, 0e+00, 0e+00, 0e+00, 0e+00, 0e+00, 0e+00, 0e+00, 0e+00, 0e+00, 0e+00, 0e+00, 0e+00, 0e+00, 0e+00, 0e+00, 0e+00, 0e+00, 0e+00, 0e+00, 0e+00, 0e+00, 0e+00, 0e+00, 0e+00, 0e+00, 0e+00, 0e+00, 0e+00, 0e+00, 0e+00, 0e+00, 0e+00, 0e+00, 0e+00, 0e+00, 0e+00, 0e+00, 0e+00, 0e+00, 0e+00, 0e+00, 0e+00, 0e+00, 0e+00, 0e+00, 0e+00, 0e+00, 0e+00, 0e+00, 0e+00, 0e+00, 0e+00, 0e+00, 0e+00, 0e+00, 0e+00, 0e+00, 0e+00, 0e+00, 0e+00, 0e+00, 0e+00, 0e+00, 0e+00, 0e+00, 0e+00, 0e+00, 0e+00, 0e+00, 0e+00, 0e+00, 0e+00, 0e+00, 0e+00, 0e+00, 0e+00, 0e+00, 0e+00, 0e+00, 0e+00, 0e+00, 0e+00, 0e+00, 0e+00, 0e+00, 0e+00, 0e+00, 0e+00, 0e+00, 0e+00, 0e+00, 0e+00, 0e+00, 0e+00, 0e+00, 0e+00, 0e+00, 0e+00]
coo[5].conPID.y=[0e+00, 0e+00, 0e+00, 0e+00, 0e+00, 0e+00, 0e+00, 0e+00, 0e+00, 0e+00, 0e+00, 0e+00, 0e+00, 0e+00, 0e+00, 0e+00, 0e+00, 0e+00, 0e+00, 0e+00, 0e+00, 0e+00, 0e+00, 0e+00, 0e+00, 0e+00, 0e+00, 0e+00, 0e+00, 0e+00, 0e+00, 0e+00, 0e+00, 0e+00, 0e+00, 0e+00, 0e+00, 0e+00, 0e+00, 0e+00, 0e+00, 0e+00, 0e+00, 0e+00, 0e+00, 0e+00, 0e+00, 0e+00, 0e+00, 0e+00, 0e+00, 0e+00, 0e+00, 0e+00, 0e+00, 0e+00, 0e+00, 0e+00, 0e+00, 0e+00, 0e+00, 0e+00, 0e+00, 0e+00, 0e+00, 0e+00, 0e+00, 0e+00, 0e+00, 0e+00, 0e+00, 0e+00, 0e+00, 0e+00, 0e+00, 0e+00, 0e+00, 0e+00, 0e+00, 0e+00, 0e+00, 0e+00, 0e+00, 0e+00, 0e+00, 0e+00, 0e+00, 0e+00, 0e+00, 0e+00, 0e+00, 0e+00, 0e+00, 0e+00, 0e+00, 0e+00, 0e+00, 0e+00, 0e+00, 0e+00, 0e+00]
