last-generated=2022-08-31
statistics-initialization=
{
  "nonlinear": "1, 2, 1, 1, 1",
  "numerical Jacobians": "0"
}
statistics-simulation=
{
  "linear": "2",
  "nonlinear": "2, 0, 1, 1, 0, 1, 1",
  "number of continuous time states": "23",
  "numerical Jacobians": "0"
}
time=[0e+00, 6.048e+05]
buiCoo.maxTSet.y=[2.971499938964844e+02, 2.971499938964844e+02]
buiCoo.minTSet.y=[2.931499938964844e+02, 2.931499938964844e+02]
buiCoo.terUniCoo.TLoaODE.TAir=[2.931499938964844e+02, 2.970110473632812e+02, 2.971451416015625e+02, 2.971498413085938e+02, 2.971499938964844e+02, 2.971499938964844e+02, 2.971499938964844e+02, 2.971499938964844e+02, 2.971499938964844e+02, 2.971499938964844e+02, 2.971499938964844e+02, 2.971499938964844e+02, 2.971499938964844e+02, 2.971499938964844e+02, 2.971499938964844e+02, 2.971499938964844e+02, 2.971499938964844e+02, 2.971499938964844e+02, 2.971499938964844e+02, 2.971499938964844e+02, 2.971499938964844e+02, 2.971499938964844e+02, 2.971499938964844e+02, 2.971499938964844e+02, 2.971499938964844e+02, 2.971499938964844e+02, 2.971499938964844e+02, 2.971499938964844e+02, 2.971499938964844e+02, 2.971499938964844e+02, 2.971499938964844e+02, 2.971499938964844e+02, 2.971499938964844e+02, 2.971499938964844e+02, 2.971499938964844e+02, 2.971499938964844e+02, 2.971499938964844e+02, 2.971499938964844e+02, 2.971499938964844e+02, 2.971499938964844e+02, 2.971499938964844e+02, 2.971499938964844e+02, 2.971499938964844e+02, 2.971499938964844e+02, 2.971499938964844e+02, 2.971499938964844e+02, 2.971499938964844e+02, 2.971499938964844e+02, 2.971499938964844e+02, 2.971499938964844e+02, 2.971499938964844e+02, 2.971499938964844e+02, 2.971499938964844e+02, 2.971499938964844e+02, 2.971499938964844e+02, 2.971499938964844e+02, 2.971499938964844e+02, 2.971499938964844e+02, 2.971499938964844e+02, 2.971499938964844e+02, 2.971499938964844e+02, 2.971499938964844e+02, 2.971499938964844e+02, 2.971499938964844e+02, 2.971499938964844e+02, 2.971499938964844e+02, 2.971499938964844e+02, 2.971499938964844e+02, 2.971499938964844e+02, 2.971499938964844e+02, 2.971499938964844e+02, 2.971499938964844e+02, 2.971499938964844e+02, 2.971499938964844e+02, 2.971499938964844e+02, 2.971499938964844e+02, 2.971499938964844e+02, 2.971499938964844e+02, 2.971499938964844e+02, 2.971499938964844e+02, 2.971499938964844e+02, 2.971499938964844e+02, 2.971499938964844e+02, 2.971499938964844e+02, 2.971499938964844e+02, 2.971499938964844e+02, 2.971499938964844e+02, 2.971499938964844e+02, 2.971499938964844e+02, 2.971499938964844e+02, 2.971499938964844e+02, 2.971499938964844e+02, 2.971499938964844e+02, 2.971499938964844e+02, 2.971499938964844e+02, 2.971499938964844e+02, 2.971499938964844e+02, 2.971499938964844e+02, 2.971499938964844e+02, 2.971499938964844e+02, 2.971499938964844e+02]
buiHea.terUniHea.TLoaODE.TAir=[2.931499938964844e+02, 2.931378784179688e+02, 2.931414794921875e+02, 2.931425476074219e+02, 2.9311328125e+02, 2.93224365234375e+02, 2.931625366210938e+02, 2.929876098632812e+02, 2.932697448730469e+02, 2.931513671875e+02, 2.929624938964844e+02, 2.931747131347656e+02, 2.931338500976562e+02, 2.933257751464844e+02, 2.931386413574219e+02, 2.931373901367188e+02, 2.931397094726562e+02, 2.931433715820312e+02, 2.930346984863281e+02, 2.933508911132812e+02, 2.931679382324219e+02, 2.931167602539062e+02, 2.931760559082031e+02, 2.931775207519531e+02, 2.930703430175781e+02, 2.931542053222656e+02, 2.93139892578125e+02, 2.932224731445312e+02, 2.931419677734375e+02, 2.931388549804688e+02, 2.931402587890625e+02, 2.931425170898438e+02, 2.929381713867188e+02, 2.932742919921875e+02, 2.931718139648438e+02, 2.931801147460938e+02, 2.931159057617188e+02, 2.932554016113281e+02, 2.931380004882812e+02, 2.931067504882812e+02, 2.931618041992188e+02, 2.931342468261719e+02, 2.931806945800781e+02, 2.931354675292969e+02, 2.931336975097656e+02, 2.931376953125e+02, 2.930828247070312e+02, 2.931360473632812e+02, 2.931820678710938e+02, 2.93156005859375e+02, 2.929791564941406e+02, 2.933410949707031e+02, 2.931432189941406e+02, 2.929790344238281e+02, 2.93180419921875e+02, 2.931330871582031e+02, 2.933067626953125e+02, 2.9313916015625e+02, 2.931410217285156e+02, 2.931480102539062e+02, 2.931473388671875e+02, 2.930716857910156e+02, 2.932984619140625e+02, 2.931525573730469e+02, 2.929912109375e+02, 2.932025146484375e+02, 2.931609802246094e+02, 2.929678955078125e+02, 2.931588439941406e+02, 2.931431579589844e+02, 2.933375244140625e+02, 2.931430053710938e+02, 2.93149658203125e+02, 2.931412658691406e+02, 2.931438293457031e+02, 2.929225769042969e+02, 2.933834838867188e+02, 2.931570739746094e+02, 2.931522216796875e+02, 2.931221923828125e+02, 2.932374267578125e+02, 2.931366271972656e+02, 2.931164245605469e+02, 2.93158447265625e+02, 2.931542053222656e+02, 2.931607666015625e+02, 2.931454162597656e+02, 2.931417236328125e+02, 2.931451416015625e+02, 2.929674987792969e+02, 2.9319189453125e+02, 2.931678161621094e+02, 2.931490478515625e+02, 2.930128784179688e+02, 2.934043579101562e+02, 2.931493225097656e+02, 2.930279541015625e+02, 2.931860961914062e+02, 2.931383972167969e+02, 2.932507629394531e+02, 2.931409912109375e+02]
supChiWat.T_in=[2.801499938964844e+02, 2.801499938964844e+02]
buiCoo.terUniCoo.T_aChiWat_nominal=[2.801499938964844e+02, 2.801499938964844e+02]
buiCoo.terUniCoo.QReqCoo_flow=[0e+00, 0e+00, 0e+00, 0e+00, 0e+00, 0e+00, 0e+00, 0e+00, 0e+00, 0e+00, 0e+00, 0e+00, 0e+00, 0e+00, 0e+00, 0e+00, 0e+00, 0e+00, 0e+00, 0e+00, 0e+00, 0e+00, 0e+00, 0e+00, 0e+00, 0e+00, 0e+00, 0e+00, 0e+00, 0e+00, 0e+00, 0e+00, 0e+00, 0e+00, 0e+00, 0e+00, 0e+00, 0e+00, 0e+00, 0e+00, 0e+00, 0e+00, 0e+00, 0e+00, 0e+00, 0e+00, 0e+00, 0e+00, 0e+00, 0e+00, 0e+00, 0e+00, 0e+00, 0e+00, 0e+00, 0e+00, 0e+00, 0e+00, 0e+00, 0e+00, 0e+00, 0e+00, 0e+00, 0e+00, 0e+00, 0e+00, 0e+00, 0e+00, 0e+00, 0e+00, 0e+00, 0e+00, 0e+00, 0e+00, 0e+00, 0e+00, 0e+00, 0e+00, 0e+00, 0e+00, 0e+00, 0e+00, 0e+00, 0e+00, 0e+00, 0e+00, 0e+00, 0e+00, 0e+00, 0e+00, 0e+00, 0e+00, 0e+00, 0e+00, 0e+00, 0e+00, 0e+00, 0e+00, 0e+00, 0e+00, 0e+00]
buiCoo.terUniCoo.QActCoo_flow=[-0e+00, -9.575866837583103e-35, -3.433336145423735e-34, -5.938296699104279e-34, -8.447545970455401e-34, -1.094347312555636e-33, -1.346070887083087e-33, -1.596368715532684e-33, -1.847115986900479e-33, -2.097697403362212e-33, -2.348130781004138e-33, -2.598672157189547e-33, -2.849130697757421e-33, -3.099798439585542e-33, -3.354344027074432e-33, -3.603614583664005e-33, -3.854092593357065e-33, -4.104160649395276e-33, -4.354158175772436e-33, -4.603906276942031e-33, -4.853802784273418e-33, -5.103467866154487e-33, -5.354548316702343e-33, -5.605516727944886e-33, -5.855694619236501e-33, -6.105281824616828e-33, -6.356908880037816e-33, -6.608200919568819e-33, -6.858638521643571e-33, -7.109167959214477e-33, -7.361545861652053e-33, -7.611985667778711e-33, -7.86208458054363e-33, -8.111779417125454e-33, -8.362204529572727e-33, -8.612916903451981e-33, -8.862724146681102e-33, -9.11141687432885e-33, -9.361001508315284e-33, -9.609287955728029e-33, -9.860510934965922e-33, -1.011012642567906e-32, -1.036071390328355e-32, -1.060998923531892e-32, -1.086632267624701e-32, -1.111620338787306e-32, -1.136800676744667e-32, -1.162703062107021e-32, -1.187701051503211e-32, -1.212803806833418e-32, -1.237802604381974e-32, -1.262980224008649e-32, -1.287889683986542e-32, -1.313015434924987e-32, -1.338488250570512e-32, -1.363332323675141e-32, -1.388290713605388e-32, -1.413407795272995e-32, -1.438493579403512e-32, -1.463663117506525e-32, -1.488773440081615e-32, -1.513727128034458e-32, -1.538760896539951e-32, -1.563520921798497e-32, -1.58862639545939e-32, -1.613626956249472e-32, -1.638877603462692e-32, -1.663882719293384e-32, -1.688967621803138e-32, -1.714290121108551e-32, -1.739759998018199e-32, -1.764999184161498e-32, -1.790074241906064e-32, -1.815109773653083e-32, -1.840154709354909e-32, -1.865235791508023e-32, -1.890300122866637e-32, -1.915369450076242e-32, -1.940515625229033e-32, -1.965568348580933e-32, -1.990638263537713e-32, -2.015665860697865e-32, -2.04075237951235e-32, -2.065956741635507e-32, -2.091028713707402e-32, -2.116089224709376e-32, -2.141168249747375e-32, -2.166241397313621e-32, -2.191299998137275e-32, -2.21640400243023e-32, -2.241456431908542e-32, -2.266464045664729e-32, -2.291533519811128e-32, -2.316627826275689e-32, -2.341662623338739e-32, -2.366778676448789e-32, -2.391849473026333e-32, -2.417032235440793e-32, -2.441931115969529e-32, -2.46558764590624e-32, -2.49066211590363e-32]
buiCoo.disFloCoo.mReq_flow[1]=[0e+00, 2.016942390881127e-09, 2.014414413054055e-09, 2.014502786806815e-09, 2.014566735653034e-09, 2.01451966219679e-09, 2.014506783609704e-09, 2.014516331527716e-09, 2.014518996062975e-09, 2.01453409509611e-09, 2.014539202122023e-09, 2.014590050336551e-09, 2.014572286768157e-09, 2.014573396991182e-09, 2.014534761229925e-09, 2.01447369896357e-09, 2.014484357104607e-09, 2.014461264465695e-09, 2.014405087180648e-09, 2.014362898705713e-09, 2.014322486587616e-09, 2.014256983429163e-09, 2.014342914691269e-09, 2.01439975811013e-09, 2.014411970563401e-09, 2.014320266141567e-09, 2.01440197855618e-09, 2.014479028034089e-09, 2.014482580747767e-09, 2.014470812383706e-09, 2.01462335702729e-09, 2.014634681302141e-09, 2.014617805912167e-09, 2.014603817102056e-09, 2.014605593458896e-09, 2.014617805912167e-09, 2.014598932120748e-09, 2.014577171749465e-09, 2.014538091898999e-09, 2.014439726139017e-09, 2.014518551973765e-09, 2.014475253275805e-09, 2.014483913015397e-09, 2.014425515284302e-09, 2.014714617359914e-09, 2.014703071040458e-09, 2.014756139701035e-09, 2.015152711365431e-09, 2.01511207720273e-09, 2.015100752927879e-09, 2.015078992556596e-09, 2.015058564452943e-09, 2.014982847242663e-09, 2.015006161926181e-09, 2.015163147461863e-09, 2.015082545270275e-09, 2.015082989359485e-09, 2.015102751329323e-09, 2.01509764430341e-09, 2.015109856756681e-09, 2.015115185827199e-09, 2.015121403076137e-09, 2.015106970176817e-09, 2.015027478208253e-09, 2.015031697055747e-09, 2.015016598022612e-09, 2.015006828059995e-09, 2.014983735421083e-09, 2.014991062893046e-09, 2.015076105976732e-09, 2.015127842369679e-09, 2.015184463743935e-09, 2.015184463743935e-09, 2.015184463743935e-09, 2.015184463743935e-09, 2.015184463743935e-09, 2.015184463743935e-09, 2.015184463743935e-09, 2.015184463743935e-09, 2.015184463743935e-09, 2.015184463743935e-09, 2.015184463743935e-09, 2.015184463743935e-09, 2.015184463743935e-09, 2.015184463743935e-09, 2.015184463743935e-09, 2.015184463743935e-09, 2.015184463743935e-09, 2.015184463743935e-09, 2.015184463743935e-09, 2.015184463743935e-09, 2.015184463743935e-09, 2.015184463743935e-09, 2.015184463743935e-09, 2.015184463743935e-09, 2.015184463743935e-09, 2.015184463743935e-09, 2.015209776828897e-09, 2.01518512987775e-09, 2.014880706724398e-09, 2.01487448947546e-09]
buiCoo.disFloCoo.mAct_flow[1].y=[0e+00, 2.016942390881127e-09, 2.014414413054055e-09, 2.014502786806815e-09, 2.014566735653034e-09, 2.01451966219679e-09, 2.014506783609704e-09, 2.014516331527716e-09, 2.014518996062975e-09, 2.01453409509611e-09, 2.014539202122023e-09, 2.014590050336551e-09, 2.014572286768157e-09, 2.014573396991182e-09, 2.014534761229925e-09, 2.01447369896357e-09, 2.014484357104607e-09, 2.014461264465695e-09, 2.014405087180648e-09, 2.014362898705713e-09, 2.014322486587616e-09, 2.014256983429163e-09, 2.014342914691269e-09, 2.01439975811013e-09, 2.014411970563401e-09, 2.014320266141567e-09, 2.01440197855618e-09, 2.014479028034089e-09, 2.014482580747767e-09, 2.014470812383706e-09, 2.01462335702729e-09, 2.014634681302141e-09, 2.014617805912167e-09, 2.014603817102056e-09, 2.014605593458896e-09, 2.014617805912167e-09, 2.014598932120748e-09, 2.014577171749465e-09, 2.014538091898999e-09, 2.014439726139017e-09, 2.014518551973765e-09, 2.014475253275805e-09, 2.014483913015397e-09, 2.014425515284302e-09, 2.014714617359914e-09, 2.014703071040458e-09, 2.014756139701035e-09, 2.015152711365431e-09, 2.01511207720273e-09, 2.015100752927879e-09, 2.015078992556596e-09, 2.015058564452943e-09, 2.014982847242663e-09, 2.015006161926181e-09, 2.015163147461863e-09, 2.015082545270275e-09, 2.015082989359485e-09, 2.015102751329323e-09, 2.01509764430341e-09, 2.015109856756681e-09, 2.015115185827199e-09, 2.015121403076137e-09, 2.015106970176817e-09, 2.015027478208253e-09, 2.015031697055747e-09, 2.015016598022612e-09, 2.015006828059995e-09, 2.014983735421083e-09, 2.014991062893046e-09, 2.015076105976732e-09, 2.015127842369679e-09, 2.015184463743935e-09, 2.015184463743935e-09, 2.015184463743935e-09, 2.015184463743935e-09, 2.015184463743935e-09, 2.015184463743935e-09, 2.015184463743935e-09, 2.015184463743935e-09, 2.015184463743935e-09, 2.015184463743935e-09, 2.015184463743935e-09, 2.015184463743935e-09, 2.015184463743935e-09, 2.015184463743935e-09, 2.015184463743935e-09, 2.015184463743935e-09, 2.015184463743935e-09, 2.015184463743935e-09, 2.015184463743935e-09, 2.015184463743935e-09, 2.015184463743935e-09, 2.015184463743935e-09, 2.015184463743935e-09, 2.015184463743935e-09, 2.015184463743935e-09, 2.015184463743935e-09, 2.015209776828897e-09, 2.01518512987775e-09, 2.014880706724398e-09, 2.01487448947546e-09]
buiCoo.disFloCoo.m_flow_nominal=[7.024856567382812e+00, 7.024856567382812e+00]
buiCoo.loa.y[1]=[0e+00, 0e+00, 0e+00, 0e+00, 0e+00, 0e+00, 0e+00, 0e+00, 0e+00, 0e+00, 0e+00, 0e+00, 0e+00, 0e+00, 0e+00, 0e+00, 0e+00, 0e+00, 0e+00, 0e+00, 0e+00, 0e+00, 0e+00, 0e+00, 0e+00, 0e+00, 0e+00, 0e+00, 0e+00, 0e+00, 0e+00, 0e+00, 0e+00, 0e+00, 0e+00, 0e+00, 0e+00, 0e+00, 0e+00, 0e+00, 0e+00, 0e+00, 0e+00, 0e+00, 0e+00, 0e+00, 0e+00, 0e+00, 0e+00, 0e+00, 0e+00, 0e+00, 0e+00, 0e+00, 0e+00, 0e+00, 0e+00, 0e+00, 0e+00, 0e+00, 0e+00, 0e+00, 0e+00, 0e+00, 0e+00, 0e+00, 0e+00, 0e+00, 0e+00, 0e+00, 0e+00, 0e+00, 0e+00, 0e+00, 0e+00, 0e+00, 0e+00, 0e+00, 0e+00, 0e+00, 0e+00, 0e+00, 0e+00, 0e+00, 0e+00, 0e+00, 0e+00, 0e+00, 0e+00, 0e+00, 0e+00, 0e+00, 0e+00, 0e+00, 0e+00, 0e+00, 0e+00, 0e+00, 0e+00, 0e+00, 0e+00]
buiCoo.QCoo_flow_nominal=[-1.4696e+05, -1.4696e+05]
supHeaWat.T_in=[3.131499938964844e+02, 3.131499938964844e+02]
buiHea.terUniHea.T_aHeaWat_nominal=[3.131499938964844e+02, 3.131499938964844e+02]
buiHea.terUniHea.QReqHea_flow=[1.823e+04, 1.9166904296875e+04, 2.3183625e+04, 2.61755859375e+04, 7.74650703125e+04, 2.5307759765625e+04, 2.3810955078125e+04, 5.860314453125004e+04, 3.583986328125e+04, 1.47858388671875e+04, 6.1009578125e+04, 5.46262421875e+04, 5.7369484375e+04, 1.648243359375e+04, 2.303720507812501e+04, 2.839984375e+04, 3.308358203125e+04, 3.641284375000001e+04, 8.817546875e+04, 3.60429609375e+04, 3.44023828125e+04, 3.492191015625e+04, 5.761500390625e+04, 1.32938994140625e+04, 3.30650390625e+04, 6.206e+04, 5.79527890625e+04, 4.8849328125e+04, 2.390453320312503e+04, 2.9071302734375e+04, 3.348101953125e+04, 3.675559765625e+04, 8.4768375e+04, 6.5100796875e+04, 3.434975390624995e+04, 2.0915212890625e+04, 5.68405234375e+04, 3.118868408203125e+03, 9.9768876953125e+03, 5.671216015625e+04, 4.592536328125e+04, 5.472299218749998e+04, 1.38582802734375e+04, 2.267275e+04, 2.9603423828125e+04, 3.510576953125e+04, 4.939738671875e+04, 8.882746875e+04, 4.106209375e+04, 4.09918828125e+04, 8.879e+04, 4.05102421875e+04, 3.74203671875e+04, 9.1466984375e+04, 7.9560734375e+04, 8.49035078125e+04, 3.396172265625014e+04, 4.538020703124996e+04, 4.98362421875e+04, 5.0819265625e+04, 5.21085859375e+04, 1.085195e+05, 4.795008984375e+04, 5.295652734375e+04, 8.2708296875e+04, 9.3111125e+04, 4.887903515625e+04, 8.63100078125e+04, 1.022649218749998e+05, 9.784197656249994e+04, 6.3354078125e+04, 5.49254921875e+04, 5.500849609375e+04, 5.857159765625e+04, 6.142234375e+04, 1.2508e+05, 7.23245078125e+04, 6.315011328125e+04, 6.205686328125e+04, 1.1564365625e+05, 5.230916015625e+04, 6.072353125000106e+04, 1.158878515625001e+05, 1.0466771875e+05, 1.072193359375e+05, 5.74762734375e+04, 6.05759375e+04, 6.353008984375e+04, 6.624284375e+04, 1.005386953125e+05, 1.1654946875e+05, 6.6385203125e+04, 6.747103125e+04, 1.278174375e+05, 4.773111328125e+04, 5.285979296875e+04, 1.124612890625e+05, 9.6887234375e+04, 1.02459359375e+05, 4.658624609375e+04, 5.609e+04]
buiHea.terUniHea.QActHea_flow=[-0e+00, 1.9075630859375e+04, 2.3131345703125e+04, 2.59592578125e+04, 7.75986015625e+04, 2.522653515625e+04, 2.38874296875e+04, 5.721419140625004e+04, 3.761991015625e+04, 1.4714484375e+04, 5.9643890625e+04, 5.489248828125e+04, 5.726406640625e+04, 1.75859765625e+04, 2.295791406250001e+04, 2.831517578125e+04, 3.30197265625e+04, 3.637659765625001e+04, 8.81142109375e+04, 3.689452734375e+04, 3.4565828125e+04, 3.368701953125e+04, 5.812112109375e+04, 1.30935341796875e+04, 3.1457634765625e+04, 6.22688203125e+04, 5.776312109375e+04, 5.054289453125e+04, 2.377966210937503e+04, 2.8999068359375e+04, 3.342362109375e+04, 3.671415234375e+04, 8.30067109375e+04, 6.7207453125e+04, 3.442392968749995e+04, 2.1046373046875e+04, 5.7173421875e+04, 3.082490966796875e+03, 9.818765625e+03, 5.6970046875e+04, 4.5827046875e+04, 5.467457812499998e+04, 1.35988154296875e+04, 2.25685703125e+04, 2.9499107421875e+04, 3.50305703125e+04, 4.775487109375e+04, 8.90139453125e+04, 4.08642265625e+04, 4.104567578125e+04, 8.8518796875e+04, 4.226319140625e+04, 3.736553125e+04, 9.136846875e+04, 7.98073984375e+04, 8.4782984375e+04, 3.393089062500012e+04, 4.531307031249996e+04, 4.979380859375e+04, 5.08024609375e+04, 5.208601171875e+04, 1.0858153125e+05, 4.78730078125e+04, 5.29635625e+04, 8.037234375e+04, 9.46517734375e+04, 4.870362109375e+04, 8.3945890625e+04, 1.025876093749998e+05, 9.775302343749994e+04, 6.5655171875e+04, 5.49196484375e+04, 5.50079296875e+04, 5.8514046875e+04, 6.139499609375e+04, 1.247015859375e+05, 7.463221875e+04, 6.3170734375e+04, 6.188884765625e+04, 1.16004515625e+05, 5.209675390625e+04, 6.014777734375097e+04, 1.160887656250001e+05, 1.045480390625e+05, 1.080377890625e+05, 5.72056640625e+04, 6.054597265625e+04, 6.346505859375e+04, 6.6222625e+04, 9.78806953125e+04, 1.182003671875e+05, 6.62517578125e+04, 6.7462546875e+04, 1.28012265625e+05, 4.86774453125e+04, 5.2817453125e+04, 1.12538296875e+05, 9.69846875e+04, 1.023918828125e+05, 4.634550390625e+04, 5.60191640625e+04]
buiHea.disFloHea.mReq_flow[1]=[8.71414914727211e-02, 8.187192678451538e-01, 1.000316619873047e+00, 1.127879023551941e+00, 3.555161237716675e+00, 1.099463582038879e+00, 1.035463333129883e+00, 2.5582811832428e+00, 1.672043681144714e+00, 6.254259347915649e-01, 2.669466018676758e+00, 2.473252296447754e+00, 2.580415487289429e+00, 7.599399089813232e-01, 9.923772215843206e-01, 1.234331488609314e+00, 1.44911801815033e+00, 1.603658437728882e+00, 4.053224563598633e+00, 1.645400166511536e+00, 1.522290349006653e+00, 1.477964878082275e+00, 2.62700343132019e+00, 5.538864731788635e-01, 1.372704267501831e+00, 2.821991443634033e+00, 2.604974746704102e+00, 2.273133039474487e+00, 1.029526829719545e+00, 1.265509724617004e+00, 1.467670440673828e+00, 1.61914587020874e+00, 3.783898115158081e+00, 3.0787672996521e+00, 1.516073942184446e+00, 9.086515307426453e-01, 2.573655128479004e+00, 1.225353553891182e-01, 4.064285457134247e-01, 2.562766551971436e+00, 2.044389963150024e+00, 2.457662105560301e+00, 5.765830874443054e-01, 9.747332334518433e-01, 1.287917137145996e+00, 1.54124128818512e+00, 2.125946521759033e+00, 4.119696140289307e+00, 1.814896941184998e+00, 1.82083535194397e+00, 4.061159133911133e+00, 1.895878911018372e+00, 1.649256229400635e+00, 4.200762271881104e+00, 3.676005840301514e+00, 3.910555362701416e+00, 1.504057407379156e+00, 2.017936229705809e+00, 2.228165149688721e+00, 2.276472806930542e+00, 2.336935520172119e+00, 5.080071449279785e+00, 2.155747175216675e+00, 2.379042387008667e+00, 3.66655445098877e+00, 4.414981365203857e+00, 2.179235458374023e+00, 3.835530042648315e+00, 4.801714420318594e+00, 4.555494308471677e+00, 3.013752222061157e+00, 2.470406770706177e+00, 2.475457429885864e+00, 2.640878438949585e+00, 2.778659820556641e+00, 5.852315902709961e+00, 3.460772037506104e+00, 2.865633964538574e+00, 2.803522348403931e+00, 5.470760345458984e+00, 2.348616361618042e+00, 2.718080759048508e+00, 5.473341464996342e+00, 4.90028715133667e+00, 5.075338840484619e+00, 2.581316232681274e+00, 2.73833966255188e+00, 2.877403497695923e+00, 3.010298252105713e+00, 4.519039630889893e+00, 5.604196548461914e+00, 3.015333414077759e+00, 3.070607423782349e+00, 6.051087856292725e+00, 2.206283092498779e+00, 2.371728420257568e+00, 5.267398834228516e+00, 4.527631282806396e+00, 4.786577224731445e+00, 2.07841682434082e+00, 2.522272825241089e+00]
buiHea.disFloHea.mAct_flow[1].y=[8.71414914727211e-02, 8.187192678451538e-01, 1.000316619873047e+00, 1.127879023551941e+00, 3.555161237716675e+00, 1.099463582038879e+00, 1.035463333129883e+00, 2.5582811832428e+00, 1.672043681144714e+00, 6.254259347915649e-01, 2.669466018676758e+00, 2.473252296447754e+00, 2.580415487289429e+00, 7.599399089813232e-01, 9.923772215843206e-01, 1.234331488609314e+00, 1.44911801815033e+00, 1.603658437728882e+00, 4.053224563598633e+00, 1.645400166511536e+00, 1.522290349006653e+00, 1.477964878082275e+00, 2.62700343132019e+00, 5.538864731788635e-01, 1.372704267501831e+00, 2.821991443634033e+00, 2.604974746704102e+00, 2.273133039474487e+00, 1.029526829719545e+00, 1.265509724617004e+00, 1.467670440673828e+00, 1.61914587020874e+00, 3.783898115158081e+00, 3.0787672996521e+00, 1.516073942184446e+00, 9.086515307426453e-01, 2.573655128479004e+00, 1.225353553891182e-01, 4.064285457134247e-01, 2.562766551971436e+00, 2.044389963150024e+00, 2.457662105560301e+00, 5.765830874443054e-01, 9.747332334518433e-01, 1.287917137145996e+00, 1.54124128818512e+00, 2.125946521759033e+00, 4.119696140289307e+00, 1.814896941184998e+00, 1.82083535194397e+00, 4.061159133911133e+00, 1.895878911018372e+00, 1.649256229400635e+00, 4.200762271881104e+00, 3.676005840301514e+00, 3.910555362701416e+00, 1.504057407379156e+00, 2.017936229705809e+00, 2.228165149688721e+00, 2.276472806930542e+00, 2.336935520172119e+00, 5.080071449279785e+00, 2.155747175216675e+00, 2.379042387008667e+00, 3.66655445098877e+00, 4.414981365203857e+00, 2.179235458374023e+00, 3.835530042648315e+00, 4.801714420318594e+00, 4.555494308471677e+00, 3.013752222061157e+00, 2.470406770706177e+00, 2.475457429885864e+00, 2.640878438949585e+00, 2.778659820556641e+00, 5.852315902709961e+00, 3.460772037506104e+00, 2.865633964538574e+00, 2.803522348403931e+00, 5.470760345458984e+00, 2.348616361618042e+00, 2.718080759048508e+00, 5.473341464996342e+00, 4.90028715133667e+00, 5.075338840484619e+00, 2.581316232681274e+00, 2.73833966255188e+00, 2.877403497695923e+00, 3.010298252105713e+00, 4.519039630889893e+00, 5.604196548461914e+00, 3.015333414077759e+00, 3.070607423782349e+00, 6.051087856292725e+00, 2.206283092498779e+00, 2.371728420257568e+00, 5.267398834228516e+00, 4.527631282806396e+00, 4.786577224731445e+00, 2.07841682434082e+00, 2.522272825241089e+00]
buiHea.disFloHea.m_flow_nominal=[8.015774726867676e+00, 8.015774726867676e+00]
buiHea.loa.y[2]=[1.823e+04, 1.9166904296875e+04, 2.3183625e+04, 2.61755859375e+04, 7.74650703125e+04, 2.5307759765625e+04, 2.3810955078125e+04, 5.860314453125004e+04, 3.583986328125e+04, 1.47858388671875e+04, 6.1009578125e+04, 5.46262421875e+04, 5.7369484375e+04, 1.648243359375e+04, 2.303720507812501e+04, 2.839984375e+04, 3.308358203125e+04, 3.641284375000001e+04, 8.817546875e+04, 3.60429609375e+04, 3.44023828125e+04, 3.492191015625e+04, 5.761500390625e+04, 1.32938994140625e+04, 3.30650390625e+04, 6.206e+04, 5.79527890625e+04, 4.8849328125e+04, 2.390453320312503e+04, 2.9071302734375e+04, 3.348101953125e+04, 3.675559765625e+04, 8.4768375e+04, 6.5100796875e+04, 3.434975390624995e+04, 2.0915212890625e+04, 5.68405234375e+04, 3.118868408203125e+03, 9.9768876953125e+03, 5.671216015625e+04, 4.592536328125e+04, 5.472299218749998e+04, 1.38582802734375e+04, 2.267275e+04, 2.9603423828125e+04, 3.510576953125e+04, 4.939738671875e+04, 8.882746875e+04, 4.106209375e+04, 4.09918828125e+04, 8.879e+04, 4.05102421875e+04, 3.74203671875e+04, 9.1466984375e+04, 7.9560734375e+04, 8.49035078125e+04, 3.396172265625014e+04, 4.538020703124996e+04, 4.98362421875e+04, 5.0819265625e+04, 5.21085859375e+04, 1.085195e+05, 4.795008984375e+04, 5.295652734375e+04, 8.2708296875e+04, 9.3111125e+04, 4.887903515625e+04, 8.63100078125e+04, 1.022649218749998e+05, 9.784197656249994e+04, 6.3354078125e+04, 5.49254921875e+04, 5.500849609375e+04, 5.857159765625e+04, 6.142234375e+04, 1.2508e+05, 7.23245078125e+04, 6.315011328125e+04, 6.205686328125e+04, 1.1564365625e+05, 5.230916015625e+04, 6.072353125000106e+04, 1.158878515625001e+05, 1.0466771875e+05, 1.072193359375e+05, 5.74762734375e+04, 6.05759375e+04, 6.353008984375e+04, 6.624284375e+04, 1.005386953125e+05, 1.1654946875e+05, 6.6385203125e+04, 6.747103125e+04, 1.278174375e+05, 4.773111328125e+04, 5.285979296875e+04, 1.124612890625e+05, 9.6887234375e+04, 1.02459359375e+05, 4.658624609375e+04, 5.609e+04]
buiHea.QHea_flow_nominal=[1.6769e+05, 1.6769e+05]
EHeaReq.y=[0e+00, 1.08552816e+08, 2.37646256e+08, 3.86163136e+08, 7.77118848e+08, 1.068268736e+09, 1.224263296e+09, 1.399756928e+09, 1.754154368e+09, 1.843144704e+09, 1.997898624e+09, 2.369694208e+09, 2.695143168e+09, 2.995591424e+09, 3.10594816e+09, 3.261274624e+09, 3.448036608e+09, 3.659381504e+09, 4.019836928e+09, 4.474285056e+09, 4.691301888e+09, 4.873688576e+09, 5.239451136e+09, 5.388004352e+09, 5.499235328e+09, 5.871859712e+09, 6.216382976e+09, 6.581024768e+09, 6.719861760000001e+09, 6.881048064e+09, 7.070784512e+09, 7.283516928e+09, 7.565696e+09, 8.096249344e+09, 8.329292800000001e+09, 8.4963712e+09, 8.758664192e+09, 8.94502912e+09, 8.98364928e+09, 9.230216192e+09, 9.53036288e+09, 9.838682111999998e+09, 1.0002533376e+10, 1.0118214656e+10, 1.0276094976e+10, 1.04726272e+10, 1.0700515328e+10, 1.1209742336e+10, 1.1536222208e+10, 1.1790229504e+10, 1.212096512e+10, 1.2583721984e+10, 1.2786822144e+10, 1.3125011456e+10, 1.3650157568e+10, 1.4140077056e+10, 1.4551857152e+10, 1.480046592e+10, 1.5089831936e+10, 1.5395069952e+10, 1.5706718208e+10, 1.6224106496e+10, 1.6727043072e+10, 1.7041193984e+10, 1.7381578752e+10, 1.8006796288e+10, 1.8334646272e+10, 1.8669047808e+10, 1.930628096000001e+10, 1.9892682752e+10, 2.0462761984e+10, 2.0768239616e+10, 2.1100787712e+10, 2.1443448832e+10, 2.1807110144e+10, 2.229676032e+10, 2.2985822208e+10, 2.3358779392e+10, 2.3736164352e+10, 2.4365193216e+10, 2.4839051264e+10, 2.5184157696e+10, 2.581382758399999e+10, 2.6467201024e+10, 2.711888896e+10, 2.7511279616e+10, 2.7871485952e+10, 2.8245630976e+10, 2.8639961088e+10, 2.9066405888e+10, 2.9821874176e+10, 3.0265096192e+10, 3.0671101952e+10, 3.124368384e+10, 3.1840468992e+10, 3.214342144e+10, 3.2636012544e+10, 3.327259648e+10, 3.387522048e+10, 3.432641536e+10, 3.4647359488e+10]
EHeaAct.y=[0e+00, 1.06840968e+08, 2.35554112e+08, 3.83805792e+08, 7.69680128e+08, 1.065969472e+09, 1.222096384e+09, 1.394418816e+09, 1.750638592e+09, 1.841837056e+09, 1.99232768e+09, 2.364517632e+09, 2.689746176e+09, 2.993990656e+09, 3.103872768e+09, 3.25869312e+09, 3.445005824e+09, 3.656027136e+09, 4.011358208e+09, 4.470834176e+09, 4.688115712e+09, 4.870608896e+09, 5.233950208e+09, 5.386847744e+09, 5.496379392e+09, 5.865954304e+09, 6.210935296e+09, 6.576252416e+09, 6.717709312000001e+09, 6.878401024e+09, 7.06771456e+09, 7.280130048e+09, 7.557797376e+09, 8.089787904e+09, 8.326120448000001e+09, 8.494468608e+09, 8.753275904e+09, 8.94477312e+09, 8.982800384e+09, 9.22485248e+09, 9.526086656e+09, 9.833541631999998e+09, 1.0001330176e+10, 1.0116175872e+10, 1.0273401856e+10, 1.0469403648e+10, 1.0696083456e+10, 1.120112128e+10, 1.1532427264e+10, 1.17864192e+10, 1.2112472064e+10, 1.25797376e+10, 1.2783372288e+10, 1.3116224512e+10, 1.364246528e+10, 1.4131897344e+10, 1.4548711424e+10, 1.4796244992e+10, 1.5085170688e+10, 1.5390308352e+10, 1.5701829632e+10, 1.62134784e+10, 1.6722533376e+10, 1.703621632e+10, 1.737393152e+10, 1.7997545472e+10, 1.8330089472e+10, 1.8661046272e+10, 1.929623142400001e+10, 1.9883153408e+10, 2.0456433664e+10, 2.0763070464e+10, 2.109560832e+10, 2.1437925376e+10, 2.180129792e+10, 2.2284519424e+10, 2.2978557952e+10, 2.3352784896e+10, 2.3730300928e+10, 2.4353744896e+10, 2.483414016e+10, 2.5178476544e+10, 2.580237516799999e+10, 2.6456950784e+10, 2.7108261888e+10, 2.7505883136e+10, 2.7865757696e+10, 2.8239611904e+10, 2.8633665536e+10, 2.9056978944e+10, 2.9810132992e+10, 3.02587904e+10, 3.0664677376e+10, 3.1231023104e+10, 3.1835844608e+10, 3.2138461184e+10, 3.2624992256e+10, 3.3263122432e+10, 3.3865207808e+10, 3.4322069504e+10, 3.464208384e+10]
ECooReq.y=[0e+00, 0e+00, 0e+00, 0e+00, 0e+00, 0e+00, 0e+00, 0e+00, 0e+00, 0e+00, 0e+00, 0e+00, 0e+00, 0e+00, 0e+00, 0e+00, 0e+00, 0e+00, 0e+00, 0e+00, 0e+00, 0e+00, 0e+00, 0e+00, 0e+00, 0e+00, 0e+00, 0e+00, 0e+00, 0e+00, 0e+00, 0e+00, 0e+00, 0e+00, 0e+00, 0e+00, 0e+00, 0e+00, 0e+00, 0e+00, 0e+00, 0e+00, 0e+00, 0e+00, 0e+00, 0e+00, 0e+00, 0e+00, 0e+00, 0e+00, 0e+00, 0e+00, 0e+00, 0e+00, 0e+00, 0e+00, 0e+00, 0e+00, 0e+00, 0e+00, 0e+00, 0e+00, 0e+00, 0e+00, 0e+00, 0e+00, 0e+00, 0e+00, 0e+00, 0e+00, 0e+00, 0e+00, 0e+00, 0e+00, 0e+00, 0e+00, 0e+00, 0e+00, 0e+00, 0e+00, 0e+00, 0e+00, 0e+00, 0e+00, 0e+00, 0e+00, 0e+00, 0e+00, 0e+00, 0e+00, 0e+00, 0e+00, 0e+00, 0e+00, 0e+00, 0e+00, 0e+00, 0e+00, 0e+00, 0e+00, 0e+00]
ECooAct.y=[0e+00, 0e+00, 0e+00, 0e+00, 0e+00, 0e+00, 0e+00, 0e+00, 0e+00, 0e+00, 0e+00, 0e+00, 0e+00, 0e+00, 0e+00, 0e+00, 0e+00, 0e+00, 0e+00, 0e+00, 0e+00, 0e+00, 0e+00, 0e+00, 0e+00, 0e+00, 0e+00, 0e+00, 0e+00, 0e+00, 0e+00, 0e+00, 0e+00, 0e+00, 0e+00, 0e+00, 0e+00, 0e+00, 0e+00, 0e+00, 0e+00, 0e+00, 0e+00, 0e+00, 0e+00, 0e+00, 0e+00, 0e+00, 0e+00, 0e+00, 0e+00, 0e+00, 0e+00, 0e+00, 0e+00, 0e+00, 0e+00, 0e+00, 0e+00, 0e+00, 0e+00, 0e+00, 0e+00, 0e+00, 0e+00, 0e+00, 0e+00, 0e+00, 0e+00, 0e+00, 0e+00, 0e+00, 0e+00, 0e+00, 0e+00, 0e+00, 0e+00, 0e+00, 0e+00, 0e+00, 0e+00, 0e+00, 0e+00, 0e+00, 0e+00, 0e+00, 0e+00, 0e+00, 0e+00, 0e+00, 0e+00, 0e+00, 0e+00, 0e+00, 0e+00, 0e+00, 0e+00, 0e+00, 0e+00, 0e+00, 0e+00]
QAveHeaReq_flow.y=[0e+00, 1.886863671875e+04, 2.2994998046875e+04, 2.5721701171875e+04, 7.7905078125e+04, 2.5040775390625e+04, 2.407575390625e+04, 5.410717578125007e+04, 4.127572265625e+04, 1.45378916015625e+04, 5.651677734375e+04, 5.54720625e+04, 5.704233203125e+04, 2.0365259765625e+04, 2.277891015625001e+04, 2.809165625e+04, 3.2828671875e+04, 3.630001171875001e+04, 8.80766953125e+04, 3.92595703125e+04, 3.492448828125e+04, 3.1302513671875e+04, 5.928815234375e+04, 1.2632892578125e+04, 2.82073515625e+04, 6.273981640625e+04, 5.73655078125e+04, 5.384009765625e+04, 2.345366210937504e+04, 2.8826587890625e+04, 3.329540625e+04, 3.660502734375e+04, 7.91366171875e+04, 7.1441984375e+04, 3.451993749999996e+04, 2.13958671875e+04, 5.78432109375e+04, 3.011418212890625e+03, 9.476076171875e+03, 5.753635546875e+04, 4.5653890625e+04, 5.455814453124997e+04, 1.30266865234375e+04, 2.23317734375e+04, 2.9268658203125e+04, 3.4825359375e+04, 4.463957421875e+04, 8.941034375e+04, 4.0403140625e+04, 4.115838671875e+04, 8.754521875e+04, 4.615198046875e+04, 3.724008984375e+04, 9.08778671875e+04, 8.03252578125e+04, 8.454125e+04, 3.413353906250009e+04, 4.517079687499996e+04, 4.969839453125e+04, 5.076682421875e+04, 5.20418203125e+04, 1.08764171875e+05, 4.769684765625e+04, 5.298510546875e+04, 7.5689203125e+04, 9.7260328125e+04, 4.823196875e+04, 7.90938203125e+04, 1.031822187499998e+05, 9.756752343749994e+04, 7.04841875e+04, 5.491077734375e+04, 5.5005328125e+04, 5.838662109375e+04, 6.133569921875e+04, 1.234638671875e+05, 7.96067109375e+04, 6.320328125e+04, 6.181520703125e+04, 1.167679921875e+05, 5.163212890625e+04, 5.944081640625078e+04, 1.165142656250001e+05, 1.043070859375e+05, 1.09009640625e+05, 5.658714453125e+04, 6.048542578125e+04, 6.325390234375e+04, 6.61405859375e+04, 9.23410234375e+04, 1.208647421875e+05, 6.58893671875e+04, 6.7445578125e+04, 1.284708515625e+05, 5.107705078125e+04, 5.2729328125e+04, 1.1278446875e+05, 9.74138515625e+04, 1.022493828125e+05, 4.58454375e+04, 5.58806875e+04]
QAveHeaAct_flow.y=[0e+00, 1.8779302734375e+04, 2.294212890625e+04, 2.5645056640625e+04, 7.8020015625e+04, 2.4971861328125e+04, 2.4154392578125e+04, 5.252532421875007e+04, 4.29342265625e+04, 1.444983984375e+04, 5.488471875e+04, 5.5742734375e+04, 5.693601171875e+04, 2.1790181640625e+04, 2.269560351562501e+04, 2.800734375e+04, 3.276426171875e+04, 3.626629296875001e+04, 8.8003890625e+04, 4.060696484375e+04, 3.50774609375e+04, 3.040666015625e+04, 5.977260546875e+04, 1.24386201171875e+04, 2.69035703125e+04, 6.297087109375e+04, 5.717698828125e+04, 5.524475e+04, 2.328107421875004e+04, 2.8754099609375e+04, 3.323684765625e+04, 3.6559421875e+04, 7.71312578125e+04, 7.33630078125e+04, 3.454908593749996e+04, 2.1560978515625e+04, 5.812287109375e+04, 3.023622802734375e+03, 9.33903125e+03, 5.776728515625e+04, 4.560381640625e+04, 5.448848437499997e+04, 1.27815927734375e+04, 2.222733203125e+04, 2.9161453125e+04, 3.474860546875e+04, 4.341387890625e+04, 8.9580421875e+04, 4.019880078125e+04, 4.12087421875e+04, 8.6723421875e+04, 4.80601015625e+04, 3.717666015625e+04, 9.0276109375e+04, 8.06054921875e+04, 8.4418625e+04, 3.448467968750006e+04, 4.510367187499996e+04, 4.9653359375e+04, 5.07535078125e+04, 5.20229453125e+04, 1.088056328125e+05, 4.7737984375e+04, 5.299230078125e+04, 7.34706328125e+04, 9.8296421875e+04, 4.80240625e+04, 7.67790859375e+04, 1.034574999999998e+05, 9.746627343749994e+04, 7.280884375e+04, 5.490408203125e+04, 5.50046640625e+04, 5.83284765625e+04, 6.130571484375e+04, 1.223630234375e+05, 8.209340625e+04, 6.321973828125e+04, 6.180792578125e+04, 1.170871875e+05, 5.145584765625e+04, 5.924831640625069e+04, 1.167031250000001e+05, 1.042051953125e+05, 1.092520234375e+05, 5.62786953125e+04, 6.0455703125e+04, 6.31931640625e+04, 6.61182734375e+04, 8.98266328125e+04, 1.219092890625e+05, 6.5715671875e+04, 6.7437734375e+04, 1.285554453125e+05, 5.25743125e+04, 5.26897890625e+04, 1.12816828125e+05, 9.76152734375e+04, 1.021739140625e+05, 4.56650625e+04, 5.581517578125e+04]
QAveCooReq_flow.y=[0e+00, 0e+00, 0e+00, 0e+00, 0e+00, 0e+00, 0e+00, 0e+00, 0e+00, 0e+00, 0e+00, 0e+00, 0e+00, 0e+00, 0e+00, 0e+00, 0e+00, 0e+00, 0e+00, 0e+00, 0e+00, 0e+00, 0e+00, 0e+00, 0e+00, 0e+00, 0e+00, 0e+00, 0e+00, 0e+00, 0e+00, 0e+00, 0e+00, 0e+00, 0e+00, 0e+00, 0e+00, 0e+00, 0e+00, 0e+00, 0e+00, 0e+00, 0e+00, 0e+00, 0e+00, 0e+00, 0e+00, 0e+00, 0e+00, 0e+00, 0e+00, 0e+00, 0e+00, 0e+00, 0e+00, 0e+00, 0e+00, 0e+00, 0e+00, 0e+00, 0e+00, 0e+00, 0e+00, 0e+00, 0e+00, 0e+00, 0e+00, 0e+00, 0e+00, 0e+00, 0e+00, 0e+00, 0e+00, 0e+00, 0e+00, 0e+00, 0e+00, 0e+00, 0e+00, 0e+00, 0e+00, 0e+00, 0e+00, 0e+00, 0e+00, 0e+00, 0e+00, 0e+00, 0e+00, 0e+00, 0e+00, 0e+00, 0e+00, 0e+00, 0e+00, 0e+00, 0e+00, 0e+00, 0e+00, 0e+00, 0e+00]
QAveCooAct_flow.y=[0e+00, 0e+00, 0e+00, 0e+00, 0e+00, 0e+00, 0e+00, 0e+00, 0e+00, 0e+00, 0e+00, 0e+00, 0e+00, 0e+00, 0e+00, 0e+00, 0e+00, 0e+00, 0e+00, 0e+00, 0e+00, 0e+00, 0e+00, 0e+00, 0e+00, 0e+00, 0e+00, 0e+00, 0e+00, 0e+00, 0e+00, 0e+00, 0e+00, 0e+00, 0e+00, 0e+00, 0e+00, 0e+00, 0e+00, 0e+00, 0e+00, 0e+00, 0e+00, 0e+00, 0e+00, 0e+00, 0e+00, 0e+00, 0e+00, 0e+00, 0e+00, 0e+00, 0e+00, 0e+00, 0e+00, 0e+00, 0e+00, 0e+00, 0e+00, 0e+00, 0e+00, 0e+00, 0e+00, 0e+00, 0e+00, 0e+00, 0e+00, 0e+00, 0e+00, 0e+00, 0e+00, 0e+00, 0e+00, 0e+00, 0e+00, 0e+00, 0e+00, 0e+00, 0e+00, 0e+00, 0e+00, 0e+00, 0e+00, 0e+00, 0e+00, 0e+00, 0e+00, 0e+00, 0e+00, 0e+00, 0e+00, 0e+00, 0e+00, 0e+00, 0e+00, 0e+00, 0e+00, 0e+00, 0e+00, 0e+00, 0e+00]
