last-generated=2022-08-31
statistics-initialization=
{
  "nonlinear": "1",
  "numerical Jacobians": "0"
}
statistics-simulation=
{
  "linear": " ",
  "nonlinear": "1",
  "number of continuous time states": "7",
  "numerical Jacobians": "0"
}
time=[1.5552e+07, 1.57248e+07]
TEnt.T=[2.931499938964844e+02, 2.952150573730469e+02, 2.941559143066406e+02, 2.942334289550781e+02, 2.948768005371094e+02, 2.961222229003906e+02, 2.941558837890625e+02, 2.945707702636719e+02, 2.955506591796875e+02, 2.941559448242188e+02, 2.943490295410156e+02, 2.951318054199219e+02, 2.941559143066406e+02, 2.943721008300781e+02, 2.956625671386719e+02, 2.950444946289062e+02, 2.9498974609375e+02, 2.951050720214844e+02, 2.952873840332031e+02, 2.955036315917969e+02, 2.957161865234375e+02, 2.959297180175781e+02, 2.961463317871094e+02, 2.963465576171875e+02, 2.964602355957031e+02, 2.964555053710938e+02, 2.966412353515625e+02, 2.97278076171875e+02, 2.979460144042969e+02, 2.982584838867188e+02, 2.981865844726562e+02, 2.977835083007812e+02, 2.973657836914062e+02, 2.970489807128906e+02, 2.9674169921875e+02, 2.964095153808594e+02, 2.961529541015625e+02, 2.959974060058594e+02, 2.958739624023438e+02, 2.957168273925781e+02, 2.955274047851562e+02, 2.951015930175781e+02, 2.944541931152344e+02, 2.941573791503906e+02, 2.946499328613281e+02, 2.941566162109375e+02, 2.945582275390625e+02, 2.958266296386719e+02, 2.941559143066406e+02, 2.947040405273438e+02, 2.958305358886719e+02, 2.941558837890625e+02, 2.944618225097656e+02, 2.953160095214844e+02, 2.941558532714844e+02, 2.94253662109375e+02, 2.948840942382812e+02, 2.961344604492188e+02, 2.941558532714844e+02, 2.945652160644531e+02, 2.955270080566406e+02, 2.941558532714844e+02, 2.943324279785156e+02, 2.950480651855469e+02, 2.941558532714844e+02, 2.941600646972656e+02, 2.946926879882812e+02, 2.957921447753906e+02, 2.941558837890625e+02, 2.944306030273438e+02, 2.952719421386719e+02, 2.941559143066406e+02, 2.942621765136719e+02, 2.949385375976562e+02, 2.941558837890625e+02, 2.94156005859375e+02, 2.946672058105469e+02, 2.957618408203125e+02, 2.941558837890625e+02, 2.944500732421875e+02, 2.953376159667969e+02, 2.941559753417969e+02, 2.942799682617188e+02, 2.949869689941406e+02, 2.941558837890625e+02, 2.941545715332031e+02, 2.946712951660156e+02, 2.957464599609375e+02, 2.941558532714844e+02, 2.944105224609375e+02, 2.952098693847656e+02, 2.941558532714844e+02, 2.942170104980469e+02, 2.948101196289062e+02, 2.96012939453125e+02, 2.941558837890625e+02, 2.945131225585938e+02, 2.954212951660156e+02, 2.941558837890625e+02, 2.942931823730469e+02, 2.949667053222656e+02]
tow.TLvg=[2.931499938964844e+02, 2.911406860351562e+02, 2.907246398925781e+02, 2.911432800292969e+02, 2.911366271972656e+02, 2.917907104492188e+02, 2.907591552734375e+02, 2.911404418945312e+02, 2.911515808105469e+02, 2.907399291992188e+02, 2.911424560546875e+02, 2.911433410644531e+02, 2.907154541015625e+02, 2.911944580078125e+02, 2.924143371582031e+02, 2.924012145996094e+02, 2.925141296386719e+02, 2.926802673339844e+02, 2.928949584960938e+02, 2.931152648925781e+02, 2.933260192871094e+02, 2.935420532226562e+02, 2.937570190429688e+02, 2.939380493164062e+02, 2.939680786132812e+02, 2.939436645507812e+02, 2.94379638671875e+02, 2.95201416015625e+02, 2.957299499511719e+02, 2.958131713867188e+02, 2.955182189941406e+02, 2.949981689453125e+02, 2.946483764648438e+02, 2.943660888671875e+02, 2.940406799316406e+02, 2.937129516601562e+02, 2.935294494628906e+02, 2.934098815917969e+02, 2.932857055664062e+02, 2.931004943847656e+02, 2.928795471191406e+02, 2.922227783203125e+02, 2.916341552734375e+02, 2.909716491699219e+02, 2.914824829101562e+02, 2.908316040039062e+02, 2.913974914550781e+02, 2.918553466796875e+02, 2.9071337890625e+02, 2.911369018554688e+02, 2.914472045898438e+02, 2.907338562011719e+02, 2.9114013671875e+02, 2.911346435546875e+02, 2.908044738769531e+02, 2.911431884765625e+02, 2.911377868652344e+02, 2.917221069335938e+02, 2.909009399414062e+02, 2.911423950195312e+02, 2.911440734863281e+02, 2.908854370117188e+02, 2.91144287109375e+02, 2.911378784179688e+02, 2.908563842773438e+02, 2.911458129882812e+02, 2.911408386230469e+02, 2.912017517089844e+02, 2.907763366699219e+02, 2.911423645019531e+02, 2.911380920410156e+02, 2.907267150878906e+02, 2.911424255371094e+02, 2.911363830566406e+02, 2.907234802246094e+02, 2.907219543457031e+02, 2.911383666992188e+02, 2.913783264160156e+02, 2.907234191894531e+02, 2.911408386230469e+02, 2.911593933105469e+02, 2.90723876953125e+02, 2.911430358886719e+02, 2.911362609863281e+02, 2.907263488769531e+02, 2.907237243652344e+02, 2.911381530761719e+02, 2.911850280761719e+02, 2.907711181640625e+02, 2.911414489746094e+02, 2.911349487304688e+02, 2.908126831054688e+02, 2.911441650390625e+02, 2.911385192871094e+02, 2.914106140136719e+02, 2.908345031738281e+02, 2.911417236328125e+02, 2.911384582519531e+02, 2.908447265625e+02, 2.91143798828125e+02, 2.911378173828125e+02]
tow.TAir=[2.853654479980469e+02, 2.853654479980469e+02, 2.853654479980469e+02, 2.853654479980469e+02, 2.853654479980469e+02, 2.851503295898438e+02, 2.848058471679688e+02, 2.848691711425781e+02, 2.850024719238281e+02, 2.851405334472656e+02, 2.852371826171875e+02, 2.855429382324219e+02, 2.862892761230469e+02, 2.8682373046875e+02, 2.882476806640625e+02, 2.889720153808594e+02, 2.89306884765625e+02, 2.895625915527344e+02, 2.898523254394531e+02, 2.901139221191406e+02, 2.903575744628906e+02, 2.906117858886719e+02, 2.908591613769531e+02, 2.910467834472656e+02, 2.909876098632812e+02, 2.909403686523438e+02, 2.917225036621094e+02, 2.928408813476562e+02, 2.932917785644531e+02, 2.93159423828125e+02, 2.925950927734375e+02, 2.918716430664062e+02, 2.915364685058594e+02, 2.912424926757812e+02, 2.908397521972656e+02, 2.904599914550781e+02, 2.903280029296875e+02, 2.902281494140625e+02, 2.900801086425781e+02, 2.898287658691406e+02, 2.895267333984375e+02, 2.88453857421875e+02, 2.878220520019531e+02, 2.87405029296875e+02, 2.871863098144531e+02, 2.872527465820312e+02, 2.87086181640625e+02, 2.86577880859375e+02, 2.861277770996094e+02, 2.858000793457031e+02, 2.854686279296875e+02, 2.851398620605469e+02, 2.84796630859375e+02, 2.844144592285156e+02, 2.840144653320312e+02, 2.835951232910156e+02, 2.831419067382812e+02, 2.826533508300781e+02, 2.822403869628906e+02, 2.822434387207031e+02, 2.824570922851562e+02, 2.827122497558594e+02, 2.829748840332031e+02, 2.831925964355469e+02, 2.833137817382812e+02, 2.835616455078125e+02, 2.839435424804688e+02, 2.843048706054688e+02, 2.846378479003906e+02, 2.849430236816406e+02, 2.8517578125e+02, 2.85452880859375e+02, 2.854590454101562e+02, 2.853726196289062e+02, 2.853988647460938e+02, 2.854185180664062e+02, 2.853961791992188e+02, 2.853795471191406e+02, 2.853905639648438e+02, 2.85382080078125e+02, 2.853817138671875e+02, 2.853817138671875e+02, 2.854264831542969e+02, 2.854426574707031e+02, 2.852759094238281e+02, 2.852056884765625e+02, 2.850306091308594e+02, 2.848132934570312e+02, 2.846246948242188e+02, 2.844964904785156e+02, 2.841245727539062e+02, 2.840369262695312e+02, 2.839937438964844e+02, 2.839130249023438e+02, 2.838196105957031e+02, 2.836558837890625e+02, 2.835785827636719e+02, 2.835351867675781e+02, 2.834769592285156e+02, 2.834293518066406e+02, 2.833817138671875e+02]
tow.TApp_nominal=[3.890000104904175e+00, 3.890000104904175e+00]
tow.TAppAct=[-6.76198422908783e-01, 5.772599220275879e+00, 4.638156890869141e+00, 5.778040885925293e+00, 5.771420001983643e+00, 6.392856121063232e+00, 8.081957817077637e+00, 6.271562576293945e+00, 6.141477584838867e+00, 4.843207836151123e+00, 5.905526638031006e+00, 5.598094463348389e+00, 3.831298828125e+00, 4.367907047271729e+00, 4.164711475372314e+00, 3.430076360702515e+00, 3.209890842437744e+00, 3.120972871780396e+00, 3.0466148853302e+00, 3.004991769790649e+00, 2.972142457962036e+00, 2.934093475341797e+00, 2.901411294937134e+00, 2.893651962280273e+00, 2.979596138000488e+00, 3.004562139511108e+00, 2.669899463653564e+00, 2.373844146728516e+00, 2.443152904510498e+00, 2.65211296081543e+00, 2.914729833602905e+00, 3.118448495864868e+00, 3.106814384460449e+00, 3.118519067764282e+00, 3.194864273071289e+00, 3.248189449310303e+00, 3.199098587036133e+00, 3.179819583892822e+00, 3.202849149703979e+00, 3.268309354782104e+00, 3.346133708953857e+00, 3.754546403884888e+00, 3.80515456199646e+00, 3.087163925170898e+00, 4.286025524139404e+00, 3.100933790206909e+00, 4.29850435256958e+00, 5.251450061798096e+00, 6.918738842010498e+00, 5.336859226226807e+00, 5.947237014770508e+00, 4.836069107055664e+00, 6.34375e+00, 6.71968412399292e+00, 5.876860618591309e+00, 7.548221111297607e+00, 7.996223926544189e+00, 8.868212699890137e+00, 7.498035430908203e+00, 8.899173736572266e+00, 8.683511734008789e+00, 7.075370311737061e+00, 8.169565200805664e+00, 7.945563316345215e+00, 6.530093669891357e+00, 7.584311008453369e+00, 7.197574615478516e+00, 6.868645668029785e+00, 5.309051513671875e+00, 6.199570655822754e+00, 5.960964202880859e+00, 4.563651561737061e+00, 5.683587551116943e+00, 5.763896942138672e+00, 4.611405372619629e+00, 7.542545318603516e+00, 5.742494106292725e+00, 5.969796180725098e+00, 4.61015510559082e+00, 5.75901460647583e+00, 5.751619815826416e+00, 4.622183322906494e+00, 5.716747760772705e+00, 5.693354606628418e+00, 4.719676971435547e+00, 1.805964112281799e+00, 6.107880115509033e+00, 6.349582672119141e+00, 5.316240787506104e+00, 6.645156860351562e+00, 7.010453701019287e+00, 5.86514139175415e+00, 7.150149345397949e+00, 7.225736618041992e+00, 7.477592468261719e+00, 6.210848808288574e+00, 7.563399791717529e+00, 7.601763725280762e+00, 6.377161502838135e+00, 7.714606285095215e+00, 7.75642728805542e+00]
tow.TRan=[0e+00, 4.072805881500244e+00, -4.901683807373047e+00, 3.089541673660278e+00, 3.738943099975586e+00, 4.329702377319336e+00, 3.405304908752441e+00, 3.429394721984863e+00, 4.397181034088135e+00, -4.396459102630615e+00, 3.205879211425781e+00, 3.986982107162476e+00, -5.038715839385986e+00, 3.176969766616821e+00, 3.247467279434204e+00, 2.643131732940674e+00, 2.475652933120728e+00, 2.424886465072632e+00, 2.3925461769104e+00, 2.388480663299561e+00, 2.39030647277832e+00, 2.387783050537109e+00, 2.389410257339478e+00, 2.408628940582275e+00, 2.492190361022949e+00, 2.511852502822876e+00, 2.26185417175293e+00, 2.077118158340454e+00, 2.216357707977295e+00, 2.445381879806519e+00, 2.668227434158325e+00, 2.785084247589111e+00, 2.717211723327637e+00, 2.682742834091187e+00, 2.700833559036255e+00, 2.696380853652954e+00, 2.623396635055542e+00, 2.587435007095337e+00, 2.588199377059937e+00, 2.616227865219116e+00, 2.647716283798218e+00, 2.878453016281128e+00, 2.819718599319458e+00, -4.809240818023682e+00, 3.166785478591919e+00, -5.254991054534912e+00, 3.160093307495117e+00, 3.969830513000488e+00, 3.451143503189087e+00, 3.566092252731323e+00, 4.381472110748291e+00, -4.001166820526123e+00, 3.320871114730835e+00, 4.179687976837158e+00, -4.666860580444336e+00, 3.109879732131958e+00, 3.745068073272705e+00, 4.410506248474121e+00, -3.516671895980835e+00, 3.42190957069397e+00, 4.381063461303711e+00, -4.276422023773193e+00, 3.187472820281982e+00, 3.908790588378906e+00, -5.047278881072998e+00, 3.013729333877563e+00, 3.550810098648071e+00, 4.588292121887207e+00, -4.052229404449463e+00, 3.287447690963745e+00, 4.132236957550049e+00, -4.807293891906738e+00, 3.119134902954102e+00, 3.800872802734375e+00, -5.390499591827393e+00, 3.442476272583008e+00, 3.527809143066406e+00, 4.381620407104492e+00, -4.109079360961914e+00, 3.308448553085327e+00, 4.176558971405029e+00, -4.712158679962158e+00, 3.136311531066895e+00, 3.849381446838379e+00, -5.297619342803955e+00, 3.435740947723389e+00, 3.5321044921875e+00, 4.559396266937256e+00, -4.119722366333008e+00, 3.26831841468811e+00, 4.073338031768799e+00, -4.820259094238281e+00, 3.072298526763916e+00, 3.670434236526489e+00, 4.600234508514404e+00, -3.734421730041504e+00, 3.370528697967529e+00, 4.281048774719238e+00, -4.467302322387695e+00, 3.148736715316772e+00, 3.82755708694458e+00]
tow.FRAir=[1e+00, 9.799253940582275e-01, 0e+00, 8.089041113853455e-01, 9.233531951904297e-01, 9.385025501251221e-01, 0e+00, 8.208501935005188e-01, 9.911245703697205e-01, 0e+00, 8.17033588886261e-01, 9.858745932579041e-01, 0e+00, 1e+00, 1e+00, 1e+00, 1e+00, 1e+00, 1e+00, 1e+00, 1e+00, 1e+00, 1e+00, 1e+00, 1e+00, 1e+00, 1e+00, 1e+00, 1e+00, 1e+00, 1e+00, 1e+00, 1e+00, 1e+00, 1e+00, 1e+00, 1e+00, 1e+00, 1e+00, 1e+00, 1e+00, 1e+00, 1e+00, 0e+00, 1e+00, 0e+00, 1e+00, 1e+00, 0e+00, 9.432865381240845e-01, 1e+00, 0e+00, 7.964335083961487e-01, 8.996304273605347e-01, 0e+00, 6.744657754898071e-01, 7.387725710868835e-01, 7.595182061195374e-01, 0e+00, 6.441591382026672e-01, 7.819914221763611e-01, 0e+00, 6.496568918228149e-01, 7.649609446525574e-01, 0e+00, 6.577591300010681e-01, 7.646054029464722e-01, 9.457855224609375e-01, 0e+00, 8.035776019096375e-01, 9.684565663337708e-01, 0e+00, 8.236345052719116e-01, 9.348169565200806e-01, 0e+00, 1.33686363697052e-01, 8.899202942848206e-01, 1e+00, 0e+00, 8.496619462966919e-01, 1e+00, 0e+00, 8.233432769775391e-01, 9.511520862579346e-01, 0e+00, 2.905132472515106e-01, 8.534079790115356e-01, 9.93396520614624e-01, 0e+00, 7.626469731330872e-01, 8.581027984619141e-01, 0e+00, 6.944313645362854e-01, 7.806209325790405e-01, 8.906006813049316e-01, 0e+00, 7.123821377754211e-01, 8.413947224617004e-01, 0e+00, 6.700993180274963e-01, 7.660674452781677e-01]
tow.FRWat=[0e+00, 1.009392976760864e+00, 1.570571634085251e-17, 1.009392976760864e+00, 1.009392976760864e+00, 1.008217215538025e+00, 1.065312005277264e-10, 1.009392976760864e+00, 1.009392976760864e+00, -3.089304388577397e-16, 1.009392976760864e+00, 1.009392976760864e+00, -1.64207937015549e-20, 1.009392976760864e+00, 1.009392976760864e+00, 1.009392976760864e+00, 1.009392976760864e+00, 1.009392976760864e+00, 1.009392976760864e+00, 1.009392976760864e+00, 1.009392976760864e+00, 1.009392976760864e+00, 1.009392976760864e+00, 1.009392976760864e+00, 1.009392976760864e+00, 1.009392976760864e+00, 1.009392976760864e+00, 1.009392976760864e+00, 1.009392976760864e+00, 1.009392976760864e+00, 1.009392976760864e+00, 1.009392976760864e+00, 1.009392976760864e+00, 1.009392976760864e+00, 1.009392976760864e+00, 1.009392976760864e+00, 1.009392976760864e+00, 1.009392976760864e+00, 1.009392976760864e+00, 1.009392976760864e+00, 1.009392976760864e+00, 1.009392976760864e+00, 1.009392976760864e+00, 1.637264177326409e-19, 1.009392976760864e+00, 7.082870479786371e-19, 1.009392976760864e+00, 1.009392976760864e+00, 1.892247247781143e-08, 1.009392976760864e+00, 1.009392976760864e+00, 5.675840724608978e-17, 1.009392976760864e+00, 1.009392976760864e+00, 4.691794800782798e-19, 1.009392976760864e+00, 1.009392976760864e+00, 1.003250241279602e+00, -1.836977618629998e-11, 1.009392976760864e+00, 1.009392976760864e+00, -1.190671732413532e-17, 1.009392976760864e+00, 1.009392976760864e+00, -1.44388232650737e-18, 1.009392976760864e+00, 1.009392976760864e+00, 1.009392976760864e+00, 3.57420772217223e-18, 1.009392976760864e+00, 1.009392976760864e+00, 8.223300254410167e-16, 1.009392976760864e+00, 1.009392976760864e+00, 2.768745770577548e-18, 1.910124701680616e-04, 1.009392976760864e+00, 1.009392976760864e+00, 2.604736493264566e-17, 1.009392976760864e+00, 1.009392976760864e+00, -4.53862593632838e-16, 1.009392976760864e+00, 1.009392976760864e+00, -4.794406685016972e-21, 5.114548280835152e-02, 1.009392976760864e+00, 1.009392857551575e+00, 1.427989764128212e-15, 1.009392976760864e+00, 1.009392976760864e+00, -4.642400292115562e-20, 1.009392976760864e+00, 1.009392976760864e+00, 1.009392976760864e+00, -1.981999921851123e-16, 1.009392976760864e+00, 1.009392976760864e+00, -3.624014231408003e-19, 1.009392976760864e+00, 1.009392976760864e+00]
tow.PFan=[9.166666870117188e+02, 8.800159912109375e+02, 0e+00, 5.442666015625e+02, 7.717205200195312e+02, 8.012987670898438e+02, 0e+00, 5.677891845703125e+02, 9.0060302734375e+02, 0e+00, 5.602559204101562e+02, 8.909946899414062e+02, 0e+00, 9.166666870117188e+02, 9.166666870117188e+02, 9.166666870117188e+02, 9.166666870117188e+02, 9.166666870117188e+02, 9.166666870117188e+02, 9.166666870117188e+02, 9.166666870117188e+02, 9.166666870117188e+02, 9.166666870117188e+02, 9.166666870117188e+02, 9.166666870117188e+02, 9.166666870117188e+02, 9.166666870117188e+02, 9.166666870117188e+02, 9.166666870117188e+02, 9.166666870117188e+02, 9.166666870117188e+02, 9.166666870117188e+02, 9.166666870117188e+02, 9.166666870117188e+02, 9.166666870117188e+02, 9.166666870117188e+02, 9.166666870117188e+02, 9.166666870117188e+02, 9.166666870117188e+02, 9.166666870117188e+02, 9.166666870117188e+02, 9.166666870117188e+02, 9.166666870117188e+02, 0e+00, 9.166666870117188e+02, 0e+00, 9.166666870117188e+02, 9.166666870117188e+02, 0e+00, 8.105648193359375e+02, 9.166666870117188e+02, 0e+00, 5.199127807617188e+02, 7.248358764648438e+02, 0e+00, 3.017250366210938e+02, 4.112490234375e+02, 4.494541015625e+02, 0e+00, 2.560360717773438e+02, 4.920237121582031e+02, 0e+00, 2.639959106445312e+02, 4.596602478027344e+02, 0e+00, 2.759990234375e+02, 4.589914245605469e+02, 8.153892211914062e+02, 0e+00, 5.33836669921875e+02, 8.58596923828125e+02, 0e+00, 5.73294677734375e+02, 7.94134521484375e+02, 0e+00, 0e+00, 7.055054931640625e+02, 9.166666870117188e+02, 0e+00, 6.250610961914062e+02, 9.166666870117188e+02, 0e+00, 5.727183837890625e+02, 8.257109375e+02, 0e+00, 1.698989677429199e+01, 6.325427856445312e+02, 9.047369995117188e+02, 0e+00, 4.553124694824219e+02, 6.419251708984375e+02, 0e+00, 3.3406884765625e+02, 4.893970642089844e+02, 7.068618774414062e+02, 0e+00, 3.644938049316406e+02, 6.085704956054688e+02, 0e+00, 2.948786010742188e+02, 4.617436828613281e+02]
conFan.u_s=[2.911499938964844e+02, 2.911499938964844e+02]
conFan.u_m=[2.931499938964844e+02, 2.911406860351562e+02, 2.907246398925781e+02, 2.911432800292969e+02, 2.911366271972656e+02, 2.917907104492188e+02, 2.907591552734375e+02, 2.911404418945312e+02, 2.911515808105469e+02, 2.907399291992188e+02, 2.911424560546875e+02, 2.911433410644531e+02, 2.907154541015625e+02, 2.911944580078125e+02, 2.924143371582031e+02, 2.924012145996094e+02, 2.925141296386719e+02, 2.926802673339844e+02, 2.928949584960938e+02, 2.931152648925781e+02, 2.933260192871094e+02, 2.935420532226562e+02, 2.937570190429688e+02, 2.939380493164062e+02, 2.939680786132812e+02, 2.939436645507812e+02, 2.94379638671875e+02, 2.95201416015625e+02, 2.957299499511719e+02, 2.958131713867188e+02, 2.955182189941406e+02, 2.949981689453125e+02, 2.946483764648438e+02, 2.943660888671875e+02, 2.940406799316406e+02, 2.937129516601562e+02, 2.935294494628906e+02, 2.934098815917969e+02, 2.932857055664062e+02, 2.931004943847656e+02, 2.928795471191406e+02, 2.922227783203125e+02, 2.916341552734375e+02, 2.909716491699219e+02, 2.914824829101562e+02, 2.908316040039062e+02, 2.913974914550781e+02, 2.918553466796875e+02, 2.9071337890625e+02, 2.911369018554688e+02, 2.914472045898438e+02, 2.907338562011719e+02, 2.9114013671875e+02, 2.911346435546875e+02, 2.908044738769531e+02, 2.911431884765625e+02, 2.911377868652344e+02, 2.917221069335938e+02, 2.909009399414062e+02, 2.911423950195312e+02, 2.911440734863281e+02, 2.908854370117188e+02, 2.91144287109375e+02, 2.911378784179688e+02, 2.908563842773438e+02, 2.911458129882812e+02, 2.911408386230469e+02, 2.912017517089844e+02, 2.907763366699219e+02, 2.911423645019531e+02, 2.911380920410156e+02, 2.907267150878906e+02, 2.911424255371094e+02, 2.911363830566406e+02, 2.907234802246094e+02, 2.907219543457031e+02, 2.911383666992188e+02, 2.913783264160156e+02, 2.907234191894531e+02, 2.911408386230469e+02, 2.911593933105469e+02, 2.90723876953125e+02, 2.911430358886719e+02, 2.911362609863281e+02, 2.907263488769531e+02, 2.907237243652344e+02, 2.911381530761719e+02, 2.911850280761719e+02, 2.907711181640625e+02, 2.911414489746094e+02, 2.911349487304688e+02, 2.908126831054688e+02, 2.911441650390625e+02, 2.911385192871094e+02, 2.914106140136719e+02, 2.908345031738281e+02, 2.911417236328125e+02, 2.911384582519531e+02, 2.908447265625e+02, 2.91143798828125e+02, 2.911378173828125e+02]
onOffCon.u=[2.951499938964844e+02, 2.951499938964844e+02]
onOffCon.reference=[2.931499938964844e+02, 2.95208984375e+02, 2.956263122558594e+02, 2.942293090820312e+02, 2.948713989257812e+02, 2.961156921386719e+02, 2.944112548828125e+02, 2.945659790039062e+02, 2.955439147949219e+02, 2.951363830566406e+02, 2.943446960449219e+02, 2.951258850097656e+02, 2.95754150390625e+02, 2.943678283691406e+02, 2.956581420898438e+02, 2.950412902832031e+02, 2.949868774414062e+02, 2.95102294921875e+02, 2.9528466796875e+02, 2.955009460449219e+02, 2.957135009765625e+02, 2.959270324707031e+02, 2.961436157226562e+02, 2.963438415527344e+02, 2.964573364257812e+02, 2.964525756835938e+02, 2.966387939453125e+02, 2.972760314941406e+02, 2.979436645507812e+02, 2.982556762695312e+02, 2.98183349609375e+02, 2.97780029296875e+02, 2.973624267578125e+02, 2.970457153320312e+02, 2.967383728027344e+02, 2.964061889648438e+02, 2.961498107910156e+02, 2.959943237304688e+02, 2.958708801269531e+02, 2.957136840820312e+02, 2.955242004394531e+02, 2.950979309082031e+02, 2.944506225585938e+02, 2.957808837890625e+02, 2.946456604003906e+02, 2.960865783691406e+02, 2.945539855957031e+02, 2.958207702636719e+02, 2.94311279296875e+02, 2.94698974609375e+02, 2.958238525390625e+02, 2.947350463867188e+02, 2.94457275390625e+02, 2.953097229003906e+02, 2.954713439941406e+02, 2.942495422363281e+02, 2.948786926269531e+02, 2.961278381347656e+02, 2.944176025390625e+02, 2.945604553222656e+02, 2.955203247070312e+02, 2.95161865234375e+02, 2.94328125e+02, 2.950423278808594e+02, 2.959036560058594e+02, 2.941560974121094e+02, 2.946876525878906e+02, 2.957850341796875e+02, 2.948285522460938e+02, 2.944261169433594e+02, 2.952657470703125e+02, 2.955339965820312e+02, 2.942579956054688e+02, 2.949330139160156e+02, 2.961139831542969e+02, 2.942335815429688e+02, 2.946622009277344e+02, 2.95755126953125e+02, 2.9483251953125e+02, 2.94445556640625e+02, 2.953313598632812e+02, 2.9543603515625e+02, 2.942757873535156e+02, 2.949813537597656e+02, 2.960239562988281e+02, 2.941725158691406e+02, 2.946662902832031e+02, 2.957394104003906e+02, 2.948908386230469e+02, 2.944060668945312e+02, 2.952037658691406e+02, 2.956329345703125e+02, 2.942129516601562e+02, 2.948048706054688e+02, 2.960057983398438e+02, 2.945689392089844e+02, 2.945084533691406e+02, 2.95414794921875e+02, 2.9531201171875e+02, 2.942889404296875e+02, 2.949611206054688e+02]
