last-generated=2022-08-31
statistics-initialization=
{
  "linear": "5, 5, 5, 5, 5, 5",
  "nonlinear": "1, 1, 1, 1, 1, 1, 1, 5, 1, 5, 1, 5, 1, 5, 1, 5, 1, 5, 1, 1",
  "numerical Jacobians": "0"
}
statistics-simulation=
{
  "linear": "3, 0, 3, 0, 3, 0, 3, 0, 3, 0, 3, 0",
  "nonlinear": "1, 4, 1, 4, 1, 4, 1, 4, 1, 4, 1, 4, 1, 1",
  "number of continuous time states": "52",
  "numerical Jacobians": "0"
}
time=[0e+00, 6.048e+05]
bui.maxTSet[1].y=[2.971499938964844e+02, 2.971499938964844e+02]
bui.minTSet[1].y=[2.931499938964844e+02, 2.931499938964844e+02]
bui.office.TAir=[2.931499938964844e+02, 2.923109741210938e+02, 2.922516479492188e+02, 2.921734619140625e+02, 2.921212768554688e+02, 2.925184631347656e+02, 2.931521301269531e+02, 2.933589477539062e+02, 2.9328857421875e+02, 2.938590087890625e+02, 2.93236572265625e+02, 2.9314892578125e+02, 2.931496887207031e+02, 2.931068725585938e+02, 2.930320129394531e+02, 2.929892272949219e+02, 2.929012756347656e+02, 2.928223571777344e+02, 2.92783447265625e+02, 2.929234619140625e+02, 2.932472229003906e+02, 2.939400939941406e+02, 2.939479064941406e+02, 2.943139038085938e+02, 2.941166381835938e+02, 2.9348974609375e+02, 2.932595825195312e+02, 2.931548461914062e+02, 2.931497802734375e+02, 2.931498107910156e+02, 2.931499328613281e+02, 2.931498413085938e+02, 2.931498107910156e+02, 2.931510009765625e+02, 2.934549865722656e+02, 2.941768188476562e+02, 2.944209594726562e+02, 2.945759887695312e+02, 2.946972351074219e+02, 2.940101928710938e+02, 2.936745910644531e+02, 2.935713806152344e+02, 2.934729309082031e+02, 2.933815612792969e+02, 2.932808532714844e+02, 2.931830139160156e+02, 2.931498107910156e+02, 2.931498413085938e+02, 2.933374633789062e+02, 2.937808227539062e+02, 2.943800354003906e+02, 2.943596801757812e+02, 2.945029602050781e+02, 2.939388427734375e+02, 2.9354248046875e+02, 2.933941040039062e+02, 2.933050537109375e+02, 2.932024841308594e+02, 2.931497497558594e+02, 2.931496276855469e+02, 2.931497192382812e+02, 2.931498718261719e+02, 2.931518859863281e+02, 2.935863037109375e+02, 2.94342529296875e+02, 2.943624572753906e+02, 2.948583984375e+02, 2.943843078613281e+02, 2.938572692871094e+02, 2.9363427734375e+02, 2.935308532714844e+02, 2.934303283691406e+02, 2.933273010253906e+02, 2.932214050292969e+02, 2.93149658203125e+02, 2.931496887207031e+02, 2.931511840820312e+02, 2.937240905761719e+02, 2.9413232421875e+02, 2.943106994628906e+02, 2.945994873046875e+02, 2.946128234863281e+02, 2.938829345703125e+02, 2.935768432617188e+02, 2.934649047851562e+02, 2.934023742675781e+02, 2.933043518066406e+02, 2.9322216796875e+02, 2.931497802734375e+02, 2.931498718261719e+02, 2.931505432128906e+02, 2.932499084472656e+02, 2.937500915527344e+02, 2.937696533203125e+02, 2.939273681640625e+02, 2.942942810058594e+02, 2.935525512695312e+02, 2.931779174804688e+02, 2.931497192382812e+02, 2.931497802734375e+02, 2.931497192382812e+02]
bui.floor.TAir=[2.931499938964844e+02, 2.928688659667969e+02, 2.928403930664062e+02, 2.927978515625e+02, 2.927744750976562e+02, 2.929759826660156e+02, 2.9315087890625e+02, 2.931504211425781e+02, 2.931501159667969e+02, 2.932835083007812e+02, 2.931498107910156e+02, 2.931498413085938e+02, 2.931498413085938e+02, 2.931498718261719e+02, 2.931498413085938e+02, 2.931498107910156e+02, 2.931498718261719e+02, 2.931499328613281e+02, 2.931499328613281e+02, 2.931511535644531e+02, 2.931506042480469e+02, 2.9328564453125e+02, 2.935300903320312e+02, 2.936055908203125e+02, 2.933631286621094e+02, 2.93230224609375e+02, 2.931567687988281e+02, 2.931498413085938e+02, 2.931498718261719e+02, 2.931498718261719e+02, 2.931499633789062e+02, 2.9314990234375e+02, 2.9314990234375e+02, 2.931501159667969e+02, 2.93150634765625e+02, 2.933471069335938e+02, 2.935778198242188e+02, 2.937173461914062e+02, 2.936040344238281e+02, 2.933958740234375e+02, 2.933141479492188e+02, 2.932259521484375e+02, 2.931499633789062e+02, 2.931498718261719e+02, 2.931498413085938e+02, 2.931497802734375e+02, 2.9314990234375e+02, 2.931499328613281e+02, 2.931502990722656e+02, 2.931503601074219e+02, 2.932926635742188e+02, 2.934922790527344e+02, 2.933247375488281e+02, 2.931498107910156e+02, 2.931498413085938e+02, 2.931498718261719e+02, 2.931498413085938e+02, 2.9314990234375e+02, 2.931498718261719e+02, 2.931498107910156e+02, 2.931498718261719e+02, 2.931499633789062e+02, 2.9315087890625e+02, 2.93151123046875e+02, 2.932703247070312e+02, 2.935703125e+02, 2.936789855957031e+02, 2.93333740234375e+02, 2.932381286621094e+02, 2.9314990234375e+02, 2.931498718261719e+02, 2.931498413085938e+02, 2.931498413085938e+02, 2.931498718261719e+02, 2.931498413085938e+02, 2.931498413085938e+02, 2.931505126953125e+02, 2.93150390625e+02, 2.931498718261719e+02, 2.933534851074219e+02, 2.934867248535156e+02, 2.933218383789062e+02, 2.931499328613281e+02, 2.931498413085938e+02, 2.931498413085938e+02, 2.931499938964844e+02, 2.9314990234375e+02, 2.931498107910156e+02, 2.9314990234375e+02, 2.931499633789062e+02, 2.931499633789062e+02, 2.93150146484375e+02, 2.931500549316406e+02, 2.931504821777344e+02, 2.93149658203125e+02, 2.931494750976562e+02, 2.931498718261719e+02, 2.931498718261719e+02, 2.931498718261719e+02, 2.9314990234375e+02, 2.931498718261719e+02]
bui.storage.TAir=[2.931499938964844e+02, 2.931499938964844e+02, 2.931499633789062e+02, 2.931501159667969e+02, 2.93150146484375e+02, 2.93150634765625e+02, 2.931503601074219e+02, 2.931500854492188e+02, 2.931643676757812e+02, 2.933821716308594e+02, 2.931499328613281e+02, 2.931498718261719e+02, 2.931499328613281e+02, 2.931499633789062e+02, 2.931499328613281e+02, 2.9314990234375e+02, 2.931499328613281e+02, 2.931499633789062e+02, 2.931500549316406e+02, 2.931505126953125e+02, 2.931502075195312e+02, 2.933916320800781e+02, 2.936629638671875e+02, 2.937931518554688e+02, 2.935029602050781e+02, 2.933527221679688e+02, 2.93239013671875e+02, 2.931499938964844e+02, 2.931499633789062e+02, 2.931499633789062e+02, 2.931499938964844e+02, 2.931499633789062e+02, 2.931499938964844e+02, 2.931500854492188e+02, 2.932044372558594e+02, 2.935438842773438e+02, 2.937671203613281e+02, 2.940003356933594e+02, 2.938611145019531e+02, 2.936185913085938e+02, 2.93492431640625e+02, 2.933987731933594e+02, 2.932864685058594e+02, 2.931708679199219e+02, 2.931499328613281e+02, 2.9314990234375e+02, 2.931500244140625e+02, 2.931500244140625e+02, 2.931500549316406e+02, 2.931500549316406e+02, 2.9346826171875e+02, 2.937597351074219e+02, 2.935813293457031e+02, 2.933223876953125e+02, 2.932104187011719e+02, 2.931499633789062e+02, 2.931498718261719e+02, 2.931499633789062e+02, 2.931499328613281e+02, 2.9314990234375e+02, 2.931499328613281e+02, 2.931500549316406e+02, 2.931503295898438e+02, 2.93150390625e+02, 2.934463806152344e+02, 2.937998046875e+02, 2.939670104980469e+02, 2.935453186035156e+02, 2.934420776367188e+02, 2.933057861328125e+02, 2.932108764648438e+02, 2.931499328613281e+02, 2.931499328613281e+02, 2.931499328613281e+02, 2.931499328613281e+02, 2.931499938964844e+02, 2.931502380371094e+02, 2.931953735351562e+02, 2.932328186035156e+02, 2.935406799316406e+02, 2.937545166015625e+02, 2.935561218261719e+02, 2.933252563476562e+02, 2.931850891113281e+02, 2.931499633789062e+02, 2.931499328613281e+02, 2.931499633789062e+02, 2.9314990234375e+02, 2.931499633789062e+02, 2.931500549316406e+02, 2.931500244140625e+02, 2.931500549316406e+02, 2.931500244140625e+02, 2.931502380371094e+02, 2.932086486816406e+02, 2.932828674316406e+02, 2.931499328613281e+02, 2.931498718261719e+02, 2.931499328613281e+02, 2.931498718261719e+02, 2.931499328613281e+02]
bui.meeting.TAir=[2.931499938964844e+02, 2.931499938964844e+02, 2.931499938964844e+02, 2.931499938964844e+02, 2.931499938964844e+02, 2.931502685546875e+02, 2.936107788085938e+02, 2.943384094238281e+02, 2.940339050292969e+02, 2.949656372070312e+02, 2.94267333984375e+02, 2.934859008789062e+02, 2.931861572265625e+02, 2.931499938964844e+02, 2.931499938964844e+02, 2.931499938964844e+02, 2.931499938964844e+02, 2.931499938964844e+02, 2.931499938964844e+02, 2.931500854492188e+02, 2.940505065917969e+02, 2.951157531738281e+02, 2.948590698242188e+02, 2.954701843261719e+02, 2.954664611816406e+02, 2.944454650878906e+02, 2.940043334960938e+02, 2.938883972167969e+02, 2.937849426269531e+02, 2.936833801269531e+02, 2.936004028320312e+02, 2.935516357421875e+02, 2.934613647460938e+02, 2.934889221191406e+02, 2.943788452148438e+02, 2.955137023925781e+02, 2.95686767578125e+02, 2.958366088867188e+02, 2.962998046875e+02, 2.952673950195312e+02, 2.946473693847656e+02, 2.945272216796875e+02, 2.944162902832031e+02, 2.943128967285156e+02, 2.942005004882812e+02, 2.9409130859375e+02, 2.939452514648438e+02, 2.938378295898438e+02, 2.944660339355469e+02, 2.95274658203125e+02, 2.960188293457031e+02, 2.958096008300781e+02, 2.963106994628906e+02, 2.955526123046875e+02, 2.948527221679688e+02, 2.946156005859375e+02, 2.945118713378906e+02, 2.943951416015625e+02, 2.942852172851562e+02, 2.941463623046875e+02, 2.94015625e+02, 2.938966369628906e+02, 2.942704162597656e+02, 2.951614685058594e+02, 2.962092590332031e+02, 2.959480285644531e+02, 2.967692260742188e+02, 2.963479309082031e+02, 2.954512939453125e+02, 2.950526428222656e+02, 2.949330139160156e+02, 2.948168029785156e+02, 2.946985168457031e+02, 2.945776977539062e+02, 2.944647827148438e+02, 2.94341796875e+02, 2.944361877441406e+02, 2.954084777832031e+02, 2.962276306152344e+02, 2.962078552246094e+02, 2.966077270507812e+02, 2.969205322265625e+02, 2.957786254882812e+02, 2.952169189453125e+02, 2.950863952636719e+02, 2.9500634765625e+02, 2.948912658691406e+02, 2.947924194335938e+02, 2.946495666503906e+02, 2.945501403808594e+02, 2.944971923828125e+02, 2.950394897460938e+02, 2.95925048828125e+02, 2.95985107421875e+02, 2.960270690917969e+02, 2.967422180175781e+02, 2.957198181152344e+02, 2.950412902832031e+02, 2.948662719726562e+02, 2.94752197265625e+02, 2.946385803222656e+02]
bui.restroom.TAir=[2.931499938964844e+02, 2.931499938964844e+02, 2.931499938964844e+02, 2.931499938964844e+02, 2.931500244140625e+02, 2.93150146484375e+02, 2.931501159667969e+02, 2.931500244140625e+02, 2.93150390625e+02, 2.933087158203125e+02, 2.931499938964844e+02, 2.931499938964844e+02, 2.931499633789062e+02, 2.931499938964844e+02, 2.931499938964844e+02, 2.931499633789062e+02, 2.931499938964844e+02, 2.931499938964844e+02, 2.931499938964844e+02, 2.931501159667969e+02, 2.931500244140625e+02, 2.93276611328125e+02, 2.935362243652344e+02, 2.936120910644531e+02, 2.933558349609375e+02, 2.932114868164062e+02, 2.931499938964844e+02, 2.931499938964844e+02, 2.931499938964844e+02, 2.931499938964844e+02, 2.931499938964844e+02, 2.931499938964844e+02, 2.931499938964844e+02, 2.931500244140625e+02, 2.931500244140625e+02, 2.933413696289062e+02, 2.93584228515625e+02, 2.937311096191406e+02, 2.936094970703125e+02, 2.933861999511719e+02, 2.933002014160156e+02, 2.932070007324219e+02, 2.931499938964844e+02, 2.931499938964844e+02, 2.931499938964844e+02, 2.931499633789062e+02, 2.931499938964844e+02, 2.931499938964844e+02, 2.931500244140625e+02, 2.931500244140625e+02, 2.932814636230469e+02, 2.93490966796875e+02, 2.93310302734375e+02, 2.931499938964844e+02, 2.931499938964844e+02, 2.931499938964844e+02, 2.931499938964844e+02, 2.931499938964844e+02, 2.931499938964844e+02, 2.931499633789062e+02, 2.931499938964844e+02, 2.931499938964844e+02, 2.931501159667969e+02, 2.931501159667969e+02, 2.932486267089844e+02, 2.935644226074219e+02, 2.936781005859375e+02, 2.933090515136719e+02, 2.932077941894531e+02, 2.931499938964844e+02, 2.931499938964844e+02, 2.931499938964844e+02, 2.931499938964844e+02, 2.931499938964844e+02, 2.931499633789062e+02, 2.931499938964844e+02, 2.931500549316406e+02, 2.931500244140625e+02, 2.931499938964844e+02, 2.933383178710938e+02, 2.934774475097656e+02, 2.933037719726562e+02, 2.931499938964844e+02, 2.931499938964844e+02, 2.931499938964844e+02, 2.931499938964844e+02, 2.931499938964844e+02, 2.931499633789062e+02, 2.931499633789062e+02, 2.931499938964844e+02, 2.931499938964844e+02, 2.931500244140625e+02, 2.931499938964844e+02, 2.931500549316406e+02, 2.931499938964844e+02, 2.931499938964844e+02, 2.931499938964844e+02, 2.931499938964844e+02, 2.931499938964844e+02, 2.931499938964844e+02, 2.931499938964844e+02]
bui.iCT.TAir=[2.931499938964844e+02, 2.971499938964844e+02, 2.971499938964844e+02, 2.971499938964844e+02, 2.971499938964844e+02, 2.971500244140625e+02, 2.971500244140625e+02, 2.971499938964844e+02, 2.971499938964844e+02, 2.971499938964844e+02, 2.971499938964844e+02, 2.971499938964844e+02, 2.971499938964844e+02, 2.971499938964844e+02, 2.971499938964844e+02, 2.971499938964844e+02, 2.971499938964844e+02, 2.971499938964844e+02, 2.971499938964844e+02, 2.971500244140625e+02, 2.971500244140625e+02, 2.971500244140625e+02, 2.971499938964844e+02, 2.971499938964844e+02, 2.971499938964844e+02, 2.971499938964844e+02, 2.971499938964844e+02, 2.971499938964844e+02, 2.971499938964844e+02, 2.971499938964844e+02, 2.971499938964844e+02, 2.971499938964844e+02, 2.971499938964844e+02, 2.971499938964844e+02, 2.971500244140625e+02, 2.971499938964844e+02, 2.971499938964844e+02, 2.971499938964844e+02, 2.971499938964844e+02, 2.971499938964844e+02, 2.971499938964844e+02, 2.971499938964844e+02, 2.971499938964844e+02, 2.971499938964844e+02, 2.971499938964844e+02, 2.971499938964844e+02, 2.971499938964844e+02, 2.971499938964844e+02, 2.971499938964844e+02, 2.971499938964844e+02, 2.971499938964844e+02, 2.971499938964844e+02, 2.971499938964844e+02, 2.971499938964844e+02, 2.971499938964844e+02, 2.971499938964844e+02, 2.971499938964844e+02, 2.971499938964844e+02, 2.971499938964844e+02, 2.971499938964844e+02, 2.971499938964844e+02, 2.971499938964844e+02, 2.971500244140625e+02, 2.971500244140625e+02, 2.971499938964844e+02, 2.971499938964844e+02, 2.971499938964844e+02, 2.971499938964844e+02, 2.971499938964844e+02, 2.971499938964844e+02, 2.971499938964844e+02, 2.971499938964844e+02, 2.971499938964844e+02, 2.971499938964844e+02, 2.971499938964844e+02, 2.971499938964844e+02, 2.971499938964844e+02, 2.971499938964844e+02, 2.971499938964844e+02, 2.971499938964844e+02, 2.971499938964844e+02, 2.971499938964844e+02, 2.971499938964844e+02, 2.971499938964844e+02, 2.971499938964844e+02, 2.971499938964844e+02, 2.971499938964844e+02, 2.971499938964844e+02, 2.971499938964844e+02, 2.971499938964844e+02, 2.971499938964844e+02, 2.971499938964844e+02, 2.971499938964844e+02, 2.971499938964844e+02, 2.971499938964844e+02, 2.971499938964844e+02, 2.971499938964844e+02, 2.971499938964844e+02, 2.971499938964844e+02, 2.971499938964844e+02, 2.971499938964844e+02]
bui.terUni[1].QActHea_flow=[-0e+00, 1.00842490234375e+04, 1.011391796875e+04, 1.015300390625e+04, 1.01790927734375e+04, 9.9805048828125e+03, 4.5952236328125e+03, 0e+00, 0e+00, 0e+00, 0e+00, 6.97596826171875e+03, 9.357638671875e+03, 9.6863056640625e+03, 9.723734375e+03, 9.74512109375e+03, 9.7890986328125e+03, 9.828560546875e+03, 9.84801953125e+03, 9.77800390625e+03, 0e+00, 0e+00, 0e+00, 0e+00, 0e+00, 0e+00, 0e+00, 0e+00, 1.698227783203133e+03, 3.234072509765625e+03, 4.31198828125e+03, 4.76170458984375e+03, 5.9547666015625e+03, 5.62611279296875e+03, 0e+00, 0e+00, 0e+00, 0e+00, 0e+00, 0e+00, 0e+00, 0e+00, 0e+00, 0e+00, 0e+00, 0e+00, 1.977010864257812e+03, 3.602158203125e+03, 0e+00, 0e+00, 0e+00, 0e+00, 0e+00, 0e+00, 0e+00, 0e+00, 0e+00, 0e+00, 9.177564697265625e+02, 3.20645751953125e+03, 5.0799228515625e+03, 6.637466796875e+03, 1.848762817382812e+03, 0e+00, 0e+00, 0e+00, 0e+00, 0e+00, 0e+00, 0e+00, 0e+00, 0e+00, 0e+00, 0e+00, 6.322105712890625e+02, 2.570156005859375e+03, 1.826451049804688e+03, 0e+00, 0e+00, 0e+00, 0e+00, 0e+00, 0e+00, 0e+00, 0e+00, 0e+00, 0e+00, 0e+00, 1.109442626953125e+03, 2.51069580078125e+03, 3.178503662109375e+03, 0e+00, 0e+00, 0e+00, 0e+00, 0e+00, 0e+00, 0e+00, 1.912523559570312e+03, 3.487783935546875e+03, 5.0136044921875e+03]
bui.terUni[2].QActHea_flow=[-0e+00, 9.8052998046875e+03, 9.8195478515625e+03, 9.8408056640625e+03, 9.852494140625e+03, 9.751748046875e+03, 5.95021240234375e+03, 2.908716308593747e+03, 1.994273681640625e+02, 0e+00, 2.996769287109375e+03, 3.861825439453125e+03, 4.63036474609375e+03, 5.4269599609375e+03, 6.315759277343752e+03, 6.7895859375e+03, 7.6656708984375e+03, 8.37921875e+03, 8.655302734375e+03, 7.74450732421875e+03, 1.952691528320312e+03, 0e+00, 0e+00, 0e+00, 0e+00, 0e+00, 0e+00, 1.20787646484375e+03, 2.202864257812505e+03, 3.107710205078125e+03, 3.74444921875e+03, 4.023248291015625e+03, 4.67321484375e+03, 5.06294580078125e+03, 1.050880126953103e+03, 0e+00, 0e+00, 0e+00, 0e+00, 0e+00, 0e+00, 0e+00, 2.011257019042969e+02, 1.25359375e+03, 2.3178115234375e+03, 3.281212646484375e+03, 4.47103173828125e+03, 5.23103466796875e+03, 3.36952734375e+03, 2.367941162109375e+03, 0e+00, 0e+00, 0e+00, 5.986768188476562e+02, 1.682670654296875e+03, 2.638369384765625e+03, 3.457619873046885e+03, 4.323464355468745e+03, 5.09249609375e+03, 6.1063828125e+03, 6.91284228515625e+03, 7.557412109375e+03, 6.30855615234375e+03, 3.32977392578125e+03, 0e+00, 0e+00, 0e+00, 0e+00, 0e+00, 1.531747741699145e+02, 1.334454223632812e+03, 2.413296630859375e+03, 3.401939453125e+03, 4.33947216796875e+03, 5.13547216796875e+03, 5.96305322265625e+03, 6.2184765625e+03, 1.57927197265625e+03, 1.45698828125e+03, 0e+00, 0e+00, 0e+00, 4.381517333984291e+02, 1.654027587890625e+03, 2.801160888671875e+03, 3.294865234375e+03, 4.2009375e+03, 4.85535791015625e+03, 5.83618505859375e+03, 6.332259765625e+03, 6.69796435546875e+03, 6.3555341796875e+03, 4.48190625e+03, 5.13033984375e+03, 1.624573486328125e+03, 6.436233520507812e+02, 4.48982421875e+03, 5.29006689453125e+03, 6.051625e+03, 6.6473154296875e+03, 7.22362548828125e+03]
bui.terUni[3].QActHea_flow=[-0e+00, 7.53999462890625e+03, 7.597283203125e+03, 7.742015625e+03, 7.259123046875e+03, 5.307955078125e+03, 2.644607421875e+03, 1.382432861328124e+03, 0e+00, 0e+00, 1.169250610351562e+03, 1.646879028320312e+03, 2.117946533203125e+03, 2.486068359375e+03, 3.195745117187501e+03, 3.42146240234375e+03, 3.885493408203125e+03, 4.26278759765625e+03, 4.065775634765625e+03, 3.246442138671875e+03, 4.823408508300781e+02, 0e+00, 0e+00, 0e+00, 0e+00, 0e+00, 0e+00, 9.165945434570312e+01, 8.200689697265649e+02, 1.259786254882812e+03, 1.564382202148438e+03, 1.683523681640625e+03, 1.823031005859375e+03, 1.616179809570312e+03, 0e+00, 0e+00, 0e+00, 0e+00, 0e+00, 0e+00, 0e+00, 0e+00, 0e+00, 0e+00, 4.722899780273438e+02, 9.84082275390625e+02, 1.55744091796875e+03, 1.512197265625e+03, 4.055232238769531e+02, 4.865090560913086e+01, 0e+00, 0e+00, 0e+00, 0e+00, 0e+00, 2.78732177734375e+02, 7.210564575195411e+02, 1.43382385253906e+03, 1.86307421875e+03, 2.4389013671875e+03, 2.898095458984375e+03, 2.869751220703125e+03, 1.954001831054688e+03, 6.735393676757812e+02, 0e+00, 0e+00, 0e+00, 0e+00, 0e+00, 0e+00, 0e+00, 4.85620849609375e+02, 9.998427124023438e+02, 1.499675903320312e+03, 1.931522827148438e+03, 2.122654541015625e+03, 1.893601928710938e+03, 0e+00, 0e+00, 0e+00, 0e+00, 0e+00, 0e+00, 0e+00, 4.114325561523438e+02, 8.455059204101562e+02, 1.389402221679688e+03, 1.748634765625e+03, 2.2991787109375e+03, 2.443166259765625e+03, 2.21480126953125e+03, 1.91357861328125e+03, 1.103130615234375e+03, 1.755845336914062e+03, 0e+00, 0e+00, 1.264171264648438e+03, 1.918998901367188e+03, 2.330524658203125e+03, 2.730439208984375e+03, 3.236360107421875e+03]
bui.terUni[4].QActHea_flow=[-0e+00, 2.063558349609375e+03, 2.078892578125e+03, 2.11973974609375e+03, 2.113298583984375e+03, 9.693448486328125e+02, 0e+00, 0e+00, 0e+00, 0e+00, 0e+00, 0e+00, 0e+00, 1.151092834472656e+02, 2.862559204101566e+02, 3.930287475585938e+02, 5.592609252929688e+02, 6.988047485351565e+02, 7.712330932617188e+02, 2.33090087890625e+02, 0e+00, 0e+00, 0e+00, 0e+00, 0e+00, 0e+00, 0e+00, 0e+00, 0e+00, 0e+00, 0e+00, 0e+00, 0e+00, 0e+00, 0e+00, 0e+00, 0e+00, 0e+00, 0e+00, 0e+00, 0e+00, 0e+00, 0e+00, 0e+00, 0e+00, 0e+00, 0e+00, 0e+00, 0e+00, 0e+00, 0e+00, 0e+00, 0e+00, 0e+00, 0e+00, 0e+00, 0e+00, 0e+00, 0e+00, 0e+00, 0e+00, 0e+00, 0e+00, 0e+00, 0e+00, 0e+00, 0e+00, 0e+00, 0e+00, 0e+00, 0e+00, 0e+00, 0e+00, 0e+00, 0e+00, 0e+00, 0e+00, 0e+00, 0e+00, 0e+00, 0e+00, 0e+00, 0e+00, 0e+00, 0e+00, 0e+00, 0e+00, 0e+00, 0e+00, 0e+00, 0e+00, 0e+00, 0e+00, 0e+00, 0e+00, 0e+00, 0e+00, 0e+00, 0e+00, 0e+00, 0e+00]
bui.terUni[5].QActHea_flow=[-0e+00, 2.11735888671875e+03, 2.133193603515625e+03, 2.175852783203125e+03, 2.169826904296875e+03, 1.662173217773438e+03, 8.127696533203125e+02, 3.823717651367183e+02, 0e+00, 0e+00, 4.226758422851562e+02, 5.532967529296875e+02, 6.705315551757812e+02, 7.934929809570312e+02, 9.321063842773441e+02, 1.006394287109375e+03, 1.144290893554688e+03, 1.256957641601563e+03, 1.30170849609375e+03, 1.1694619140625e+03, 3.136260070800781e+02, 0e+00, 0e+00, 0e+00, 0e+00, 0e+00, 3.493001556396484e+01, 2.159807586669922e+02, 3.595435485839851e+02, 4.913941040039062e+02, 5.832500610351562e+02, 6.212885131835938e+02, 7.1905322265625e+02, 7.785557861328125e+02, 1.829935607910124e+02, 0e+00, 0e+00, 0e+00, 0e+00, 0e+00, 0e+00, 0e+00, 7.351960754394531e+01, 2.246989135742188e+02, 3.802525939941406e+02, 5.221287841796875e+02, 7.006004028320312e+02, 8.13647216796875e+02, 5.351065673828125e+02, 3.86958740234375e+02, 0e+00, 0e+00, 0e+00, 1.366111755371094e+02, 2.917608947753906e+02, 4.297986450195312e+02, 5.488275756835953e+02, 6.768306274414056e+02, 7.914537353515625e+02, 9.45862060546875e+02, 1.068139892578125e+03, 1.165921752929688e+03, 9.79955810546875e+02, 5.385471801757812e+02, 0e+00, 0e+00, 0e+00, 0e+00, 0e+00, 8.713141632079908e+01, 2.544567413330078e+02, 4.091036682128906e+02, 5.52184814453125e+02, 6.895108032226562e+02, 8.066390991210938e+02, 9.302653198242188e+02, 9.683517456054688e+02, 2.815143737792969e+02, 2.663804016113281e+02, 0e+00, 0e+00, 0e+00, 1.225136566162098e+02, 2.961697998046875e+02, 4.621344909667969e+02, 5.280496826171875e+02, 6.61770751953125e+02, 7.579152221679688e+02, 9.057217407226562e+02, 9.79469970703125e+02, 1.03395947265625e+03, 9.83531005859375e+02, 7.081627807617188e+02, 8.059085083007812e+02, 2.857813415527344e+02, 1.446830596923828e+02, 7.1488525390625e+02, 8.332081298828125e+02, 9.46882568359375e+02, 1.035639038085938e+03, 1.122674438476562e+03]
bui.terUni[6].QActHea_flow=[-0e+00, 0e+00, 0e+00, 0e+00, 0e+00, 0e+00, 0e+00, 0e+00, 0e+00, 0e+00, 0e+00, 0e+00, 0e+00, 0e+00, 0e+00, 0e+00, 0e+00, 0e+00, 0e+00, 0e+00, 0e+00, 0e+00, 0e+00, 0e+00, 0e+00, 0e+00, 0e+00, 0e+00, 0e+00, 0e+00, 0e+00, 0e+00, 0e+00, 0e+00, 0e+00, 0e+00, 0e+00, 0e+00, 0e+00, 0e+00, 0e+00, 0e+00, 0e+00, 0e+00, 0e+00, 0e+00, 0e+00, 0e+00, 0e+00, 0e+00, 0e+00, 0e+00, 0e+00, 0e+00, 0e+00, 0e+00, 0e+00, 0e+00, 0e+00, 0e+00, 0e+00, 0e+00, 0e+00, 0e+00, 0e+00, 0e+00, 0e+00, 0e+00, 0e+00, 0e+00, 0e+00, 0e+00, 0e+00, 0e+00, 0e+00, 0e+00, 0e+00, 0e+00, 0e+00, 0e+00, 0e+00, 0e+00, 0e+00, 0e+00, 0e+00, 0e+00, 0e+00, 0e+00, 0e+00, 0e+00, 0e+00, 0e+00, 0e+00, 0e+00, 0e+00, 0e+00, 0e+00, 0e+00, 0e+00, 0e+00, 0e+00]
bui.terUni[1].QActCoo_flow=[-0e+00, -0e+00, -0e+00, -0e+00, -0e+00, -0e+00, -0e+00, 0e+00, -0e+00, -0e+00, -0e+00, -0e+00, -0e+00, -0e+00, 0e+00, -0e+00, -0e+00, 0e+00, -0e+00, -0e+00, -0e+00, -0e+00, -0e+00, -0e+00, -0e+00, -0e+00, -0e+00, -0e+00, 0e+00, -0e+00, -0e+00, -0e+00, -0e+00, -0e+00, 0e+00, -0e+00, -0e+00, -0e+00, -0e+00, -0e+00, -0e+00, 0e+00, -0e+00, -0e+00, -0e+00, -0e+00, -0e+00, -0e+00, -0e+00, -0e+00, -0e+00, -0e+00, -0e+00, -0e+00, -0e+00, -0e+00, 0e+00, 0e+00, -0e+00, -0e+00, -0e+00, -0e+00, -0e+00, -0e+00, -0e+00, -0e+00, -0e+00, -0e+00, 0e+00, 0e+00, -0e+00, -0e+00, -0e+00, -0e+00, -0e+00, -0e+00, -0e+00, -0e+00, -0e+00, -0e+00, -0e+00, 0e+00, 0e+00, -0e+00, -0e+00, -0e+00, -0e+00, -0e+00, -0e+00, -0e+00, -0e+00, -0e+00, -0e+00, -0e+00, -0e+00, -0e+00, -0e+00, -0e+00, -0e+00, -0e+00, -0e+00]
bui.terUni[2].QActCoo_flow=[-0e+00, -0e+00, -0e+00, -0e+00, -0e+00, -0e+00, -0e+00, 0e+00, -0e+00, -0e+00, -0e+00, -0e+00, -0e+00, -0e+00, 0e+00, -0e+00, -0e+00, 0e+00, -0e+00, -0e+00, -0e+00, -0e+00, -0e+00, -0e+00, -0e+00, -0e+00, -0e+00, -0e+00, 0e+00, -0e+00, -0e+00, -0e+00, -0e+00, -0e+00, 0e+00, -0e+00, -0e+00, -0e+00, -0e+00, -0e+00, -0e+00, 0e+00, -0e+00, -0e+00, -0e+00, -0e+00, -0e+00, -0e+00, -0e+00, -0e+00, -0e+00, -0e+00, -0e+00, -0e+00, -0e+00, -0e+00, 0e+00, 0e+00, -0e+00, -0e+00, -0e+00, -0e+00, -0e+00, -0e+00, -0e+00, -0e+00, -0e+00, -0e+00, 0e+00, 0e+00, -0e+00, -0e+00, -0e+00, -0e+00, -0e+00, -0e+00, -0e+00, -0e+00, -0e+00, -0e+00, -0e+00, 0e+00, 0e+00, -0e+00, -0e+00, -0e+00, -0e+00, -0e+00, -0e+00, -0e+00, -0e+00, -0e+00, -0e+00, -0e+00, -0e+00, -0e+00, -0e+00, -0e+00, -0e+00, -0e+00, -0e+00]
bui.terUni[3].QActCoo_flow=[-0e+00, -0e+00, -0e+00, -0e+00, -0e+00, -0e+00, -0e+00, 0e+00, -0e+00, -0e+00, -0e+00, -0e+00, -0e+00, -0e+00, 0e+00, -0e+00, -0e+00, 0e+00, -0e+00, -0e+00, -0e+00, -0e+00, -0e+00, -0e+00, -0e+00, -0e+00, -0e+00, -0e+00, 0e+00, -0e+00, -0e+00, -0e+00, -0e+00, -0e+00, 0e+00, -0e+00, -0e+00, -0e+00, -0e+00, -0e+00, -0e+00, 0e+00, -0e+00, -0e+00, -0e+00, -0e+00, -0e+00, -0e+00, -0e+00, -0e+00, -0e+00, -0e+00, -0e+00, -0e+00, -0e+00, -0e+00, 0e+00, 0e+00, -0e+00, -0e+00, -0e+00, -0e+00, -0e+00, -0e+00, -0e+00, -0e+00, -0e+00, -0e+00, 0e+00, 0e+00, -0e+00, -0e+00, -0e+00, -0e+00, -0e+00, -0e+00, -0e+00, -0e+00, -0e+00, -0e+00, -0e+00, 0e+00, 0e+00, -0e+00, -0e+00, -0e+00, -0e+00, -0e+00, -0e+00, -0e+00, -0e+00, -0e+00, -0e+00, -0e+00, -0e+00, -0e+00, -0e+00, -0e+00, -0e+00, -0e+00, -0e+00]
bui.terUni[4].QActCoo_flow=[-0e+00, -0e+00, -0e+00, -0e+00, -0e+00, -0e+00, -0e+00, 0e+00, -0e+00, -0e+00, -0e+00, -0e+00, -0e+00, -0e+00, 0e+00, -0e+00, -0e+00, 0e+00, -0e+00, -0e+00, -0e+00, -0e+00, -0e+00, -0e+00, -0e+00, -0e+00, -0e+00, -0e+00, 0e+00, -0e+00, -0e+00, -0e+00, -0e+00, -0e+00, 0e+00, -0e+00, -0e+00, -0e+00, -0e+00, -0e+00, -0e+00, 0e+00, -0e+00, -0e+00, -0e+00, -0e+00, -0e+00, -0e+00, -0e+00, -0e+00, -0e+00, -0e+00, -0e+00, -0e+00, -0e+00, -0e+00, 0e+00, 0e+00, -0e+00, -0e+00, -0e+00, -0e+00, -0e+00, -0e+00, -0e+00, -0e+00, -0e+00, -0e+00, 0e+00, 0e+00, -0e+00, -0e+00, -0e+00, -0e+00, -0e+00, -0e+00, -0e+00, -0e+00, -0e+00, -0e+00, -0e+00, 0e+00, 0e+00, -0e+00, -0e+00, -0e+00, -0e+00, -0e+00, -0e+00, -0e+00, -0e+00, -0e+00, -0e+00, -0e+00, -0e+00, -0e+00, -0e+00, -0e+00, -0e+00, -0e+00, -0e+00]
bui.terUni[5].QActCoo_flow=[-0e+00, -0e+00, -0e+00, -0e+00, -0e+00, -0e+00, -0e+00, 0e+00, -0e+00, -0e+00, -0e+00, -0e+00, -0e+00, -0e+00, 0e+00, -0e+00, -0e+00, 0e+00, -0e+00, -0e+00, -0e+00, -0e+00, -0e+00, -0e+00, -0e+00, -0e+00, -0e+00, -0e+00, 0e+00, -0e+00, -0e+00, -0e+00, -0e+00, -0e+00, 0e+00, -0e+00, -0e+00, -0e+00, -0e+00, -0e+00, -0e+00, 0e+00, -0e+00, -0e+00, -0e+00, -0e+00, -0e+00, -0e+00, -0e+00, -0e+00, -0e+00, -0e+00, -0e+00, -0e+00, -0e+00, -0e+00, 0e+00, 0e+00, -0e+00, -0e+00, -0e+00, -0e+00, -0e+00, -0e+00, -0e+00, -0e+00, -0e+00, -0e+00, 0e+00, 0e+00, -0e+00, -0e+00, -0e+00, -0e+00, -0e+00, -0e+00, -0e+00, -0e+00, -0e+00, -0e+00, -0e+00, 0e+00, 0e+00, -0e+00, -0e+00, -0e+00, -0e+00, -0e+00, -0e+00, -0e+00, -0e+00, -0e+00, -0e+00, -0e+00, -0e+00, -0e+00, -0e+00, -0e+00, -0e+00, -0e+00, -0e+00]
bui.terUni[6].QActCoo_flow=[-0e+00, -6.855576171875e+03, -7.02855517578125e+03, -7.17429736328125e+03, -7.33059716796875e+03, -7.69458203125e+03, -8.197326171875e+03, -8.5057783203125e+03, -8.7902236328125e+03, -9.016982421875e+03, -8.8043564453125e+03, -8.8453935546875e+03, -8.884087890625e+03, -8.9123154296875e+03, -8.92592578125e+03, -8.9642958984375e+03, -8.96609375e+03, -8.9749775390625e+03, -9.01166796875e+03, -9.120296875e+03, -9.5437880859375e+03, -9.8494833984375e+03, -1.00594189453125e+04, -1.014576953125e+04, -9.92203515625e+03, -9.86571875e+03, -9.84547265625e+03, -9.8032529296875e+03, -9.7749755859375e+03, -9.74842578125e+03, -9.73763671875e+03, -9.7493779296875e+03, -9.7293056640625e+03, -9.7237353515625e+03, -1.00042060546875e+04, -1.02615556640625e+04, -1.04687294921875e+04, -1.0560892578125e+04, -1.042826953125e+04, -1.026731640625e+04, -1.0209796875e+04, -1.0149609375e+04, -1.00948837890625e+04, -1.0047978515625e+04, -9.996111328125e+03, -9.9483701171875e+03, -9.8810400390625e+03, -9.8430859375e+03, -9.9773154296875e+03, -1.0051744140625e+04, -1.03364677734375e+04, -1.05009384765625e+04, -1.03472431640625e+04, -1.01678818359375e+04, -1.01123017578125e+04, -1.006251171875e+04, -1.00197099609375e+04, -9.9707685546875e+03, -9.9266201171875e+03, -9.861908203125e+03, -9.811880859375e+03, -9.772599609375e+03, -9.858529296875e+03, -1.00536123046875e+04, -1.03877587890625e+04, -1.062883203125e+04, -1.0681453125e+04, -1.03566640625e+04, -1.0286279296875e+04, -1.02176181640625e+04, -1.015576953125e+04, -1.00973173828125e+04, -1.0042212890625e+04, -9.98795703125e+03, -9.941755859375e+03, -9.8909853515625e+03, -9.876673828125e+03, -1.01796806640625e+04, -1.0187138671875e+04, -1.0467791015625e+04, -1.05643125e+04, -1.0369263671875e+04, -1.02321669921875e+04, -1.0165017578125e+04, -1.00991123046875e+04, -1.00794052734375e+04, -1.00246318359375e+04, -9.986494140625e+03, -9.9221826171875e+03, -9.8928896484375e+03, -9.8714833984375e+03, -9.8953896484375e+03, -1.00164619140625e+04, -9.9730615234375e+03, -1.02012744140625e+04, -1.0263267578125e+04, -1.00140166015625e+04, -9.9639501953125e+03, -9.9150361328125e+03, -9.87721484375e+03, -9.8392646484375e+03]
supHeaWat.T_in=[3.131499938964844e+02, 3.131499938964844e+02]
bui.terUni[1].T_aHeaWat_nominal=[3.131499938964844e+02, 3.131499938964844e+02]
bui.terUni[2].T_aHeaWat_nominal=[3.131499938964844e+02, 3.131499938964844e+02]
bui.terUni[3].T_aHeaWat_nominal=[3.131499938964844e+02, 3.131499938964844e+02]
bui.terUni[4].T_aHeaWat_nominal=[3.131499938964844e+02, 3.131499938964844e+02]
bui.terUni[5].T_aHeaWat_nominal=[3.131499938964844e+02, 3.131499938964844e+02]
bui.terUni[6].T_aHeaWat_nominal=[3.131499938964844e+02, 3.131499938964844e+02]
bui.disFloHea.mAct_flow[1].y=[0e+00, 4.780114591121674e-01, 4.780114591121674e-01, 4.780114591121674e-01, 4.780114591121674e-01, 4.780114591121674e-01, 1.922100186347961e-01, 0e+00, 0e+00, 0e+00, 0e+00, 3.178634941577911e-01, 4.585869014263153e-01, 4.780114591121674e-01, 4.780114591121674e-01, 4.780114591121674e-01, 4.780114591121674e-01, 4.780114591121674e-01, 4.780114591121674e-01, 4.780114591121674e-01, 0e+00, 0e+00, 0e+00, 0e+00, 0e+00, 0e+00, 0e+00, 0e+00, 5.949136614799534e-02, 1.267238706350327e-01, 1.78164467215538e-01, 2.005181759595871e-01, 2.622469961643219e-01, 2.44911789894104e-01, 0e+00, 0e+00, 0e+00, 0e+00, 0e+00, 0e+00, 0e+00, 0e+00, 0e+00, 0e+00, 0e+00, 0e+00, 7.106940448284149e-02, 1.439370810985565e-01, 0e+00, 0e+00, 0e+00, 0e+00, 0e+00, 0e+00, 0e+00, 0e+00, 0e+00, 0e+00, 2.768857404589653e-02, 1.254466474056244e-01, 2.16639444231987e-01, 2.991499900817871e-01, 6.571155041456223e-02, 0e+00, 0e+00, 0e+00, 0e+00, 0e+00, 0e+00, 0e+00, 0e+00, 0e+00, 0e+00, 0e+00, 1.407022681087255e-02, 9.668193757534027e-02, 6.478206068277359e-02, 0e+00, 0e+00, 0e+00, 0e+00, 0e+00, 0e+00, 0e+00, 0e+00, 0e+00, 0e+00, 0e+00, 3.589965030550957e-02, 9.406005591154099e-02, 1.241641715168953e-01, 0e+00, 0e+00, 0e+00, 0e+00, 0e+00, 0e+00, 0e+00, 6.83627650141716e-02, 1.385475844144821e-01, 2.132587134838104e-01]
bui.disFloHea.mAct_flow[2].y=[0e+00, 4.780114591121674e-01, 4.780114591121674e-01, 4.780114591121674e-01, 4.780114591121674e-01, 4.780114591121674e-01, 2.620221078395844e-01, 1.118377074599265e-01, 2.430856926366687e-03, 0e+00, 1.158323213458061e-01, 1.563037633895874e-01, 1.939371377229691e-01, 2.345084547996521e-01, 2.816154956817628e-01, 3.075305819511414e-01, 3.569726943969727e-01, 3.987872004508973e-01, 4.153619110584259e-01, 3.615515828132629e-01, 7.005014270544052e-02, 0e+00, 0e+00, 0e+00, 0e+00, 0e+00, 0e+00, 3.988206386566162e-02, 8.067367970943472e-02, 1.209041997790337e-01, 1.506921499967575e-01, 1.640824675559998e-01, 1.960801631212234e-01, 2.157781571149826e-01, 3.347015380859299e-02, 0e+00, 0e+00, 0e+00, 0e+00, 0e+00, 0e+00, 0e+00, 2.453293651342392e-03, 4.170125350356102e-02, 8.563351631164551e-02, 1.289068013429642e-01, 1.860118508338928e-01, 2.243857383728027e-01, 1.330178081989288e-01, 8.781389147043228e-02, 0e+00, 0e+00, 0e+00, 1.254925969988108e-02, 5.885514989495277e-02, 9.970610588788986e-02, 1.371328979730611e-01, 1.787284612655637e-01, 2.172836512327194e-01, 2.703422904014587e-01, 3.143665790557861e-01, 3.507551550865173e-01, 2.812438309192657e-01, 1.311726719141006e-01, 0e+00, 0e+00, 0e+00, 0e+00, 0e+00, 1.841016113757999e-03, 4.489544406533241e-02, 8.978896588087082e-02, 1.345271468162537e-01, 1.795153766870499e-01, 2.19480961561203e-01, 2.626888155937195e-01, 2.763757109642029e-01, 5.465380474925041e-02, 4.974487796425819e-02, 0e+00, 0e+00, 0e+00, 6.844605319201778e-03, 5.768604204058647e-02, 1.069813966751099e-01, 1.295418739318848e-01, 1.727228760719299e-01, 2.052366733551025e-01, 2.559566497802734e-01, 2.825107276439667e-01, 3.024777472019196e-01, 2.837744355201721e-01, 1.86552494764328e-01, 2.192264944314957e-01, 5.648703873157501e-02, 1.460488606244326e-02, 1.86942920088768e-01, 2.274249792098999e-01, 2.674130499362946e-01, 2.996915578842163e-01, 3.317742049694061e-01]
bui.disFloHea.mAct_flow[3].y=[0e+00, 3.497583568096161e-01, 3.53042334318161e-01, 3.613837957382202e-01, 3.337838649749756e-01, 2.283584773540497e-01, 9.998632222414017e-02, 4.678864404559133e-02, 0e+00, 0e+00, 3.833232820034027e-02, 5.739498883485794e-02, 7.704059779644012e-02, 9.297756850719452e-02, 1.24954529106617e-01, 1.354403346776962e-01, 1.574406921863556e-01, 1.757503002882004e-01, 1.661444008350372e-01, 1.273013800382614e-01, 8.12962930649519e-03, 0e+00, 0e+00, 0e+00, 0e+00, 0e+00, 0e+00, 1.095559098757803e-03, 2.316642180085193e-02, 4.19469028711319e-02, 5.405126139521599e-02, 5.889042094349861e-02, 6.46357461810112e-02, 5.614766106009483e-02, 0e+00, 0e+00, 0e+00, 0e+00, 0e+00, 0e+00, 0e+00, 0e+00, 0e+00, 0e+00, 7.81889446079731e-03, 3.061816841363907e-02, 5.377141758799553e-02, 5.195220932364464e-02, 6.020464468747377e-03, 6.201971555128694e-04, 0e+00, 0e+00, 0e+00, 0e+00, 0e+00, 3.569887019693851e-03, 1.835913024842786e-02, 4.882357269525518e-02, 6.629963219165802e-02, 9.090898185968399e-02, 1.11353725194931e-01, 1.100731566548347e-01, 7.010405510663986e-02, 1.603800058364868e-02, 0e+00, 0e+00, 0e+00, 0e+00, 0e+00, 0e+00, 0e+00, 8.233210071921349e-03, 3.129912167787552e-02, 5.145012587308884e-02, 6.915918737649918e-02, 7.724160701036453e-02, 6.757380813360214e-02, 0e+00, 0e+00, 0e+00, 0e+00, 0e+00, 0e+00, 0e+00, 6.162517704069614e-03, 2.436850033700466e-02, 4.706364497542381e-02, 6.156131252646446e-02, 8.482688665390015e-02, 9.109645336866379e-02, 8.118733763694763e-02, 6.840816885232925e-02, 3.564079105854034e-02, 6.185940280556679e-02, 0e+00, 0e+00, 4.21205572783947e-02, 6.863434612751007e-02, 8.618546277284622e-02, 1.038107126951218e-01, 1.268307268619537e-01]
bui.disFloHea.mAct_flow[4].y=[0e+00, 7.472778856754303e-02, 7.537879049777985e-02, 7.711731642484665e-02, 7.684282213449478e-02, 2.997724339365959e-02, 0e+00, 0e+00, 0e+00, 0e+00, 0e+00, 0e+00, 0e+00, 1.377024687826633e-03, 3.689837409183389e-03, 5.7297358289361e-03, 1.088656298816204e-02, 1.726806908845903e-02, 2.081522718071938e-02, 2.889832947403193e-03, 0e+00, 0e+00, 0e+00, 0e+00, 0e+00, 0e+00, 0e+00, 0e+00, 0e+00, 0e+00, 0e+00, 0e+00, 0e+00, 0e+00, 0e+00, 0e+00, 0e+00, 0e+00, 0e+00, 0e+00, 0e+00, 0e+00, 0e+00, 0e+00, 0e+00, 0e+00, 0e+00, 0e+00, 0e+00, 0e+00, 0e+00, 0e+00, 0e+00, 0e+00, 0e+00, 0e+00, 0e+00, 0e+00, 0e+00, 0e+00, 0e+00, 0e+00, 0e+00, 0e+00, 0e+00, 0e+00, 0e+00, 0e+00, 0e+00, 0e+00, 0e+00, 0e+00, 0e+00, 0e+00, 0e+00, 0e+00, 0e+00, 0e+00, 0e+00, 0e+00, 0e+00, 0e+00, 0e+00, 0e+00, 0e+00, 0e+00, 0e+00, 0e+00, 0e+00, 0e+00, 0e+00, 0e+00, 0e+00, 0e+00, 0e+00, 0e+00, 0e+00, 0e+00, 0e+00, 0e+00, 0e+00]
bui.disFloHea.mAct_flow[5].y=[0e+00, 7.701584696769714e-02, 7.769129425287247e-02, 7.951569557189941e-02, 7.925764471292496e-02, 5.801918730139732e-02, 2.281871438026428e-02, 5.491840653121462e-03, 0e+00, 0e+00, 6.441476289182901e-03, 1.064881030470133e-02, 1.589182950556278e-02, 2.189335227012634e-02, 2.833203971385957e-02, 3.158067911863327e-02, 3.73227447271347e-02, 4.183492064476014e-02, 4.360427334904671e-02, 3.834130242466927e-02, 4.14847768843174e-03, 0e+00, 0e+00, 0e+00, 0e+00, 0e+00, 5.550709320232272e-04, 2.652732655405998e-03, 5.0110360607505e-03, 8.41884221881628e-03, 1.188061479479074e-02, 1.356625184416771e-02, 1.82610061019659e-02, 2.117100358009338e-02, 2.21679685637351e-03, 0e+00, 0e+00, 0e+00, 0e+00, 0e+00, 0e+00, 0e+00, 8.786008111201227e-04, 2.772485138848424e-03, 5.445569753646851e-03, 9.47103276848793e-03, 1.735597848892212e-02, 2.286038547754288e-02, 9.948082268238068e-03, 5.593144334852695e-03, 0e+00, 0e+00, 0e+00, 1.637542736716568e-03, 3.779196878895164e-03, 6.624198518693447e-03, 1.047320570796735e-02, 1.619680784642693e-02, 2.17949990183115e-02, 2.89435014128685e-02, 3.419120609760284e-02, 3.819823265075684e-02, 3.043944202363491e-02, 1.007786393165588e-02, 0e+00, 0e+00, 0e+00, 0e+00, 0e+00, 1.041369163431208e-03, 3.198734018951654e-03, 6.106166169047356e-03, 1.060491427779198e-02, 1.681381464004517e-02, 2.252517454326153e-02, 2.824984304606915e-02, 2.99333855509758e-02, 3.613965818658471e-03, 3.378146095201373e-03, 0e+00, 0e+00, 0e+00, 1.466379966586815e-03, 3.85177368298173e-03, 7.516335695981979e-03, 9.686273522675037e-03, 1.546984165906906e-02, 2.016597054898739e-02, 2.714561857283115e-02, 3.041809611022472e-02, 3.275516629219055e-02, 3.059452585875988e-02, 1.772661879658699e-02, 2.249033004045486e-02, 3.682197770103812e-03, 1.736329984851182e-03, 1.805640198290348e-02, 2.378950640559196e-02, 2.898869290947914e-02, 3.282622620463371e-02, 3.644221276044846e-02]
bui.disFloHea.mAct_flow[6].y=[0e+00, 0e+00, 0e+00, 0e+00, 0e+00, 0e+00, 0e+00, 0e+00, 0e+00, 0e+00, 0e+00, 0e+00, 0e+00, 0e+00, 0e+00, 0e+00, 0e+00, 0e+00, 0e+00, 0e+00, 0e+00, 0e+00, 0e+00, 0e+00, 0e+00, 0e+00, 0e+00, 0e+00, 0e+00, 0e+00, 0e+00, 0e+00, 0e+00, 0e+00, 0e+00, 0e+00, 0e+00, 0e+00, 0e+00, 0e+00, 0e+00, 0e+00, 0e+00, 0e+00, 0e+00, 0e+00, 0e+00, 0e+00, 0e+00, 0e+00, 0e+00, 0e+00, 0e+00, 0e+00, 0e+00, 0e+00, 0e+00, 0e+00, 0e+00, 0e+00, 0e+00, 0e+00, 0e+00, 0e+00, 0e+00, 0e+00, 0e+00, 0e+00, 0e+00, 0e+00, 0e+00, 0e+00, 0e+00, 0e+00, 0e+00, 0e+00, 0e+00, 0e+00, 0e+00, 0e+00, 0e+00, 0e+00, 0e+00, 0e+00, 0e+00, 0e+00, 0e+00, 0e+00, 0e+00, 0e+00, 0e+00, 0e+00, 0e+00, 0e+00, 0e+00, 0e+00, 0e+00, 0e+00, 0e+00, 0e+00, 0e+00]
supChiWat.T_in=[2.801499938964844e+02, 2.801499938964844e+02]
bui.terUni[1].T_aChiWat_nominal=[2.801499938964844e+02, 2.801499938964844e+02]
bui.terUni[2].T_aChiWat_nominal=[2.801499938964844e+02, 2.801499938964844e+02]
bui.terUni[3].T_aChiWat_nominal=[2.801499938964844e+02, 2.801499938964844e+02]
bui.terUni[4].T_aChiWat_nominal=[2.801499938964844e+02, 2.801499938964844e+02]
bui.terUni[5].T_aChiWat_nominal=[2.801499938964844e+02, 2.801499938964844e+02]
bui.terUni[6].T_aChiWat_nominal=[2.801499938964844e+02, 2.801499938964844e+02]
bui.disFloCoo.mAct_flow[1].y=[0e+00, 0e+00, 0e+00, 0e+00, 0e+00, 0e+00, 0e+00, 0e+00, 0e+00, 0e+00, 0e+00, 0e+00, 0e+00, 0e+00, 0e+00, 0e+00, 0e+00, 0e+00, 0e+00, 0e+00, 0e+00, 0e+00, 0e+00, 0e+00, 0e+00, 0e+00, 0e+00, 0e+00, 0e+00, 0e+00, 0e+00, 0e+00, 0e+00, 0e+00, 0e+00, 0e+00, 0e+00, 0e+00, 0e+00, 0e+00, 0e+00, 0e+00, 0e+00, 0e+00, 0e+00, 0e+00, 0e+00, 0e+00, 0e+00, 0e+00, 0e+00, 0e+00, 0e+00, 0e+00, 0e+00, 0e+00, 0e+00, 0e+00, 0e+00, 0e+00, 0e+00, 0e+00, 0e+00, 0e+00, 0e+00, 0e+00, 0e+00, 0e+00, 0e+00, 0e+00, 0e+00, 0e+00, 0e+00, 0e+00, 0e+00, 0e+00, 0e+00, 0e+00, 0e+00, 0e+00, 0e+00, 0e+00, 0e+00, 0e+00, 0e+00, 0e+00, 0e+00, 0e+00, 0e+00, 0e+00, 0e+00, 0e+00, 0e+00, 0e+00, 0e+00, 0e+00, 0e+00, 0e+00, 0e+00, 0e+00, 0e+00]
bui.disFloCoo.mAct_flow[2].y=[0e+00, 0e+00, 0e+00, 0e+00, 0e+00, 0e+00, 0e+00, 0e+00, 0e+00, 0e+00, 0e+00, 0e+00, 0e+00, 0e+00, 0e+00, 0e+00, 0e+00, 0e+00, 0e+00, 0e+00, 0e+00, 0e+00, 0e+00, 0e+00, 0e+00, 0e+00, 0e+00, 0e+00, 0e+00, 0e+00, 0e+00, 0e+00, 0e+00, 0e+00, 0e+00, 0e+00, 0e+00, 0e+00, 0e+00, 0e+00, 0e+00, 0e+00, 0e+00, 0e+00, 0e+00, 0e+00, 0e+00, 0e+00, 0e+00, 0e+00, 0e+00, 0e+00, 0e+00, 0e+00, 0e+00, 0e+00, 0e+00, 0e+00, 0e+00, 0e+00, 0e+00, 0e+00, 0e+00, 0e+00, 0e+00, 0e+00, 0e+00, 0e+00, 0e+00, 0e+00, 0e+00, 0e+00, 0e+00, 0e+00, 0e+00, 0e+00, 0e+00, 0e+00, 0e+00, 0e+00, 0e+00, 0e+00, 0e+00, 0e+00, 0e+00, 0e+00, 0e+00, 0e+00, 0e+00, 0e+00, 0e+00, 0e+00, 0e+00, 0e+00, 0e+00, 0e+00, 0e+00, 0e+00, 0e+00, 0e+00, 0e+00]
bui.disFloCoo.mAct_flow[3].y=[0e+00, 0e+00, 0e+00, 0e+00, 0e+00, 0e+00, 0e+00, 0e+00, 0e+00, 0e+00, 0e+00, 0e+00, 0e+00, 0e+00, 0e+00, 0e+00, 0e+00, 0e+00, 0e+00, 0e+00, 0e+00, 0e+00, 0e+00, 0e+00, 0e+00, 0e+00, 0e+00, 0e+00, 0e+00, 0e+00, 0e+00, 0e+00, 0e+00, 0e+00, 0e+00, 0e+00, 0e+00, 0e+00, 0e+00, 0e+00, 0e+00, 0e+00, 0e+00, 0e+00, 0e+00, 0e+00, 0e+00, 0e+00, 0e+00, 0e+00, 0e+00, 0e+00, 0e+00, 0e+00, 0e+00, 0e+00, 0e+00, 0e+00, 0e+00, 0e+00, 0e+00, 0e+00, 0e+00, 0e+00, 0e+00, 0e+00, 0e+00, 0e+00, 0e+00, 0e+00, 0e+00, 0e+00, 0e+00, 0e+00, 0e+00, 0e+00, 0e+00, 0e+00, 0e+00, 0e+00, 0e+00, 0e+00, 0e+00, 0e+00, 0e+00, 0e+00, 0e+00, 0e+00, 0e+00, 0e+00, 0e+00, 0e+00, 0e+00, 0e+00, 0e+00, 0e+00, 0e+00, 0e+00, 0e+00, 0e+00, 0e+00]
bui.disFloCoo.mAct_flow[4].y=[0e+00, 0e+00, 0e+00, 0e+00, 0e+00, 0e+00, 0e+00, 0e+00, 0e+00, 0e+00, 0e+00, 0e+00, 0e+00, 0e+00, 0e+00, 0e+00, 0e+00, 0e+00, 0e+00, 0e+00, 0e+00, 0e+00, 0e+00, 0e+00, 0e+00, 0e+00, 0e+00, 0e+00, 0e+00, 0e+00, 0e+00, 0e+00, 0e+00, 0e+00, 0e+00, 0e+00, 0e+00, 0e+00, 0e+00, 0e+00, 0e+00, 0e+00, 0e+00, 0e+00, 0e+00, 0e+00, 0e+00, 0e+00, 0e+00, 0e+00, 0e+00, 0e+00, 0e+00, 0e+00, 0e+00, 0e+00, 0e+00, 0e+00, 0e+00, 0e+00, 0e+00, 0e+00, 0e+00, 0e+00, 0e+00, 0e+00, 0e+00, 0e+00, 0e+00, 0e+00, 0e+00, 0e+00, 0e+00, 0e+00, 0e+00, 0e+00, 0e+00, 0e+00, 0e+00, 0e+00, 0e+00, 0e+00, 0e+00, 0e+00, 0e+00, 0e+00, 0e+00, 0e+00, 0e+00, 0e+00, 0e+00, 0e+00, 0e+00, 0e+00, 0e+00, 0e+00, 0e+00, 0e+00, 0e+00, 0e+00, 0e+00]
bui.disFloCoo.mAct_flow[5].y=[0e+00, 0e+00, 0e+00, 0e+00, 0e+00, 0e+00, 0e+00, 0e+00, 0e+00, 0e+00, 0e+00, 0e+00, 0e+00, 0e+00, 0e+00, 0e+00, 0e+00, 0e+00, 0e+00, 0e+00, 0e+00, 0e+00, 0e+00, 0e+00, 0e+00, 0e+00, 0e+00, 0e+00, 0e+00, 0e+00, 0e+00, 0e+00, 0e+00, 0e+00, 0e+00, 0e+00, 0e+00, 0e+00, 0e+00, 0e+00, 0e+00, 0e+00, 0e+00, 0e+00, 0e+00, 0e+00, 0e+00, 0e+00, 0e+00, 0e+00, 0e+00, 0e+00, 0e+00, 0e+00, 0e+00, 0e+00, 0e+00, 0e+00, 0e+00, 0e+00, 0e+00, 0e+00, 0e+00, 0e+00, 0e+00, 0e+00, 0e+00, 0e+00, 0e+00, 0e+00, 0e+00, 0e+00, 0e+00, 0e+00, 0e+00, 0e+00, 0e+00, 0e+00, 0e+00, 0e+00, 0e+00, 0e+00, 0e+00, 0e+00, 0e+00, 0e+00, 0e+00, 0e+00, 0e+00, 0e+00, 0e+00, 0e+00, 0e+00, 0e+00, 0e+00, 0e+00, 0e+00, 0e+00, 0e+00, 0e+00, 0e+00]
bui.disFloCoo.mAct_flow[6].y=[0e+00, 2.500765919685364e-01, 2.573822438716888e-01, 2.635602951049805e-01, 2.702085971832275e-01, 2.857795357704163e-01, 3.074838221073151e-01, 3.209086060523987e-01, 3.333588540554047e-01, 3.433313965797424e-01, 3.339793384075165e-01, 3.357814848423004e-01, 3.374819755554199e-01, 3.38723212480545e-01, 3.393219709396362e-01, 3.410106897354126e-01, 3.410898447036743e-01, 3.414810001850128e-01, 3.430972099304199e-01, 3.478882014751434e-01, 3.666548132896423e-01, 3.802856206893921e-01, 3.896868228912354e-01, 3.935626447200775e-01, 3.83531391620636e-01, 3.810118436813354e-01, 3.801066279411316e-01, 3.782201409339905e-01, 3.769572675228119e-01, 3.757721185684204e-01, 3.752906620502472e-01, 3.758146166801453e-01, 3.749189674854279e-01, 3.746703863143921e-01, 3.872109651565552e-01, 3.987681269645691e-01, 4.081058502197266e-01, 4.12269651889801e-01, 4.062803983688354e-01, 3.990275263786316e-01, 3.964401185512543e-01, 3.937352001667023e-01, 3.912779986858368e-01, 3.891736268997192e-01, 3.86848509311676e-01, 3.847101032733917e-01, 3.816969990730286e-01, 3.79999965429306e-01, 3.860062658786774e-01, 3.89342337846756e-01, 4.021412134170532e-01, 4.095605611801147e-01, 4.026268124580383e-01, 3.945561051368713e-01, 3.920598328113556e-01, 3.898254632949829e-01, 3.879061639308929e-01, 3.857131004333496e-01, 3.837363719940186e-01, 3.80841463804245e-01, 3.786055147647858e-01, 3.768511712551117e-01, 3.806900680065155e-01, 3.894259035587311e-01, 4.0445277094841e-01, 4.153424799442291e-01, 4.177250266075134e-01, 4.030513167381287e-01, 3.998810648918151e-01, 3.967918157577515e-01, 3.94011914730072e-01, 3.913872241973877e-01, 3.88915091753006e-01, 3.864831626415253e-01, 3.844139277935028e-01, 3.821418583393097e-01, 3.815015554428101e-01, 3.950861096382141e-01, 3.954215347766876e-01, 4.080635607242584e-01, 4.124242067337036e-01, 4.036196172237394e-01, 3.974460959434509e-01, 3.944274187088013e-01, 3.91467809677124e-01, 3.905833661556244e-01, 3.881267905235291e-01, 3.864176273345947e-01, 3.83537769317627e-01, 3.822270035743713e-01, 3.812696039676666e-01, 3.823387920856476e-01, 3.877605199813843e-01, 3.858156502246857e-01, 3.960569500923157e-01, 3.988454937934875e-01, 3.876509666442871e-01, 3.854077458381653e-01, 3.832179307937622e-01, 3.815259039402008e-01, 3.798291981220245e-01]
