last-generated=2022-08-31
statistics-initialization=
{
  "nonlinear": "1, 1, 5",
  "numerical Jacobians": "0"
}
statistics-simulation=
{
  "linear": "0",
  "nonlinear": "1, 4, 1",
  "number of continuous time states": "10",
  "numerical Jacobians": "0"
}
time=[0e+00, 6.048e+05]
bui.maxTSet.y=[2.971499938964844e+02, 2.971499938964844e+02]
bui.minTSet.y=[2.931499938964844e+02, 2.931499938964844e+02]
bui.zon.TAir=[2.931499938964844e+02, 2.931473693847656e+02, 2.931480102539062e+02, 2.931492919921875e+02, 2.931504516601562e+02, 2.931482238769531e+02, 2.931498718261719e+02, 2.931499633789062e+02, 2.931495056152344e+02, 2.931497802734375e+02, 2.931499633789062e+02, 2.931501159667969e+02, 2.931500549316406e+02, 2.931499633789062e+02, 2.931497802734375e+02, 2.931499328613281e+02, 2.931499938964844e+02, 2.931500549316406e+02, 2.931489868164062e+02, 2.931497192382812e+02, 2.943623962402344e+02, 2.94867919921875e+02, 2.948768615722656e+02, 2.955193786621094e+02, 2.957888488769531e+02, 2.948112182617188e+02, 2.940652465820312e+02, 2.9371875e+02, 2.934517822265625e+02, 2.931719360351562e+02, 2.931508483886719e+02, 2.931502990722656e+02, 2.931497802734375e+02, 2.9314990234375e+02, 2.946982116699219e+02, 2.953076171875e+02, 2.953916931152344e+02, 2.959407653808594e+02, 2.962115783691406e+02, 2.954412841796875e+02, 2.945702209472656e+02, 2.941409301757812e+02, 2.938135681152344e+02, 2.934753723144531e+02, 2.932232360839844e+02, 2.931494140625e+02, 2.931497802734375e+02, 2.931499633789062e+02, 2.943725280761719e+02, 2.951613159179688e+02, 2.955816955566406e+02, 2.957892761230469e+02, 2.96097900390625e+02, 2.960891723632812e+02, 2.946523742675781e+02, 2.941459045410156e+02, 2.938270263671875e+02, 2.934635620117188e+02, 2.931502380371094e+02, 2.931493530273438e+02, 2.931501159667969e+02, 2.93150390625e+02, 2.939641418457031e+02, 2.950294494628906e+02, 2.955462951660156e+02, 2.958534545898438e+02, 2.962309265136719e+02, 2.964024353027344e+02, 2.948607177734375e+02, 2.94292724609375e+02, 2.938360900878906e+02, 2.934384460449219e+02, 2.931499328613281e+02, 2.931505126953125e+02, 2.93150634765625e+02, 2.93150390625e+02, 2.931510314941406e+02, 2.946406860351562e+02, 2.951609497070312e+02, 2.950343627929688e+02, 2.954814758300781e+02, 2.957160034179688e+02, 2.946957397460938e+02, 2.937189636230469e+02, 2.931838989257812e+02, 2.931502380371094e+02, 2.93150390625e+02, 2.931507568359375e+02, 2.931494140625e+02, 2.931483459472656e+02, 2.931493530273438e+02, 2.93150634765625e+02, 2.93149658203125e+02, 2.931559448242188e+02, 2.9314990234375e+02, 2.931502685546875e+02, 2.931461181640625e+02, 2.931499328613281e+02, 2.931502685546875e+02, 2.931502075195312e+02, 2.931499328613281e+02]
bui.terUni.QActHea_flow=[-0e+00, 1.369685516357422e+02, 4.203578186035156e+02, 5.98372802734375e+02, 7.337001342773438e+02, 7.101415405273438e+02, 6.222564086914062e+02, 6.229144897460938e+02, 7.08852294921875e+02, 7.710574951171875e+02, 8.509797973632812e+02, 8.923650512695312e+02, 9.115244750976562e+02, 9.213534545898438e+02, 9.395768432617188e+02, 8.606898193359375e+02, 8.702914428710938e+02, 8.79408935546875e+02, 8.024542236328125e+02, 6.052543334960938e+02, 0e+00, 0e+00, 0e+00, 0e+00, 0e+00, 0e+00, 0e+00, 0e+00, 0e+00, 0e+00, 1.332609710693359e+02, 2.261281585693359e+02, 2.906262817382812e+02, 1.540406799316406e+02, 0e+00, 0e+00, 0e+00, 0e+00, 0e+00, 0e+00, 0e+00, 0e+00, 0e+00, 0e+00, 0e+00, 1.086505355834961e+02, 2.210073547363281e+02, 2.529266815185547e+02, 0e+00, 0e+00, 0e+00, 0e+00, 0e+00, 0e+00, 0e+00, 0e+00, 0e+00, 0e+00, 1.659989547729492e+01, 1.826949310302734e+02, 3.441007690429688e+02, 4.058888549804688e+02, 0e+00, 0e+00, 0e+00, 0e+00, 0e+00, 0e+00, 0e+00, 0e+00, 0e+00, 0e+00, 6.086529541015625e+01, 2.653620910644531e+02, 4.351223449707031e+02, 5.533555908203125e+02, 4.363831481933594e+02, 0e+00, 0e+00, 0e+00, 0e+00, 0e+00, 0e+00, 0e+00, 0e+00, 3.022387084960938e+02, 6.894310302734375e+02, 8.89932373046875e+02, 1.056268310546875e+03, 1.210400268554688e+03, 1.168771362304688e+03, 5.577785034179688e+02, 4.698406066894531e+02, 7.438450317382812e+02, 7.708739013671875e+02, 6.573661499023438e+02, 1.045031860351562e+03, 1.23631103515625e+03, 1.303364624023438e+03, 1.356279296875e+03, 1.40749169921875e+03]
bui.terUni.QActCoo_flow=[-0e+00, 0e+00, -0e+00, -0e+00, -0e+00, -0e+00, -0e+00, 0e+00, -0e+00, -0e+00, -0e+00, -0e+00, -0e+00, -0e+00, 0e+00, -0e+00, -0e+00, 0e+00, -0e+00, -0e+00, -0e+00, -0e+00, -0e+00, -0e+00, -0e+00, -0e+00, -0e+00, -0e+00, 0e+00, -0e+00, -0e+00, -0e+00, -0e+00, -0e+00, 0e+00, -0e+00, -0e+00, -0e+00, -0e+00, -0e+00, -0e+00, 0e+00, -0e+00, -0e+00, -0e+00, -0e+00, -0e+00, -0e+00, -0e+00, -0e+00, -0e+00, -0e+00, -0e+00, -0e+00, -0e+00, -0e+00, 0e+00, 0e+00, -0e+00, -0e+00, -0e+00, -0e+00, -0e+00, -0e+00, -0e+00, -0e+00, -0e+00, -0e+00, 0e+00, 0e+00, -0e+00, -0e+00, -0e+00, -0e+00, -0e+00, -0e+00, -0e+00, -0e+00, -0e+00, -0e+00, -0e+00, 0e+00, 0e+00, -0e+00, -0e+00, -0e+00, -0e+00, -0e+00, -0e+00, -0e+00, -0e+00, -0e+00, -0e+00, -0e+00, -0e+00, -0e+00, -0e+00, -0e+00, -0e+00, -0e+00, -0e+00]
supHeaWat.T_in=[3.131499938964844e+02, 3.131499938964844e+02]
bui.terUni.T_aHeaWat_nominal=[3.131499938964844e+02, 3.131499938964844e+02]
bui.disFloHea.mReq_flow[1]=[0e+00, 3.559406846761703e-03, 1.551258936524391e-02, 2.340470999479294e-02, 2.971525862812996e-02, 2.85955835133791e-02, 2.450072392821312e-02, 2.453113161027431e-02, 2.853688597679138e-02, 3.149821236729622e-02, 3.537450358271599e-02, 3.741275146603584e-02, 3.836309537291527e-02, 3.885217756032944e-02, 3.97619791328907e-02, 3.585073724389076e-02, 3.63229364156723e-02, 3.677235916256905e-02, 3.300976753234863e-02, 2.371975593268871e-02, 0e+00, 0e+00, 0e+00, 0e+00, 0e+00, 0e+00, 0e+00, 0e+00, 0e+00, 0e+00, 3.380143316462636e-03, 7.529879920184612e-03, 1.011042669415474e-02, 4.373782780021429e-03, 0e+00, 0e+00, 0e+00, 0e+00, 0e+00, 0e+00, 0e+00, 0e+00, 0e+00, 0e+00, 0e+00, 2.268783980980515e-03, 7.31652183458209e-03, 8.602379821240902e-03, 0e+00, 0e+00, 0e+00, 0e+00, 0e+00, 0e+00, 0e+00, 0e+00, 0e+00, 0e+00, 1.899811759358272e-04, 5.683481693267822e-03, 1.228278037160635e-02, 1.487636659294367e-02, 0e+00, 0e+00, 0e+00, 0e+00, 0e+00, 0e+00, 0e+00, 0e+00, 0e+00, 0e+00, 8.501396514475346e-04, 9.088477119803429e-03, 1.612123474478722e-02, 2.132699824869633e-02, 1.617575995624065e-02, 0e+00, 0e+00, 0e+00, 0e+00, 0e+00, 0e+00, 0e+00, 0e+00, 1.056027039885521e-02, 2.75652427226305e-02, 3.721316531300545e-02, 4.558148235082626e-02, 5.362288281321526e-02, 5.142593011260033e-02, 2.151709049940109e-02, 1.761753484606743e-02, 3.014163114130497e-02, 3.142040967941284e-02, 2.606825344264507e-02, 4.499367251992226e-02, 5.500345677137375e-02, 5.861123278737068e-02, 6.149465590715408e-02, 6.431661546230316e-02]
bui.disFloHea.mAct_flow[1].y=[-0e+00, 3.568992717191577e-03, 1.552215497940779e-02, 2.341427467763424e-02, 2.972482144832611e-02, 2.86051481962204e-02, 2.451028674840927e-02, 2.454069629311562e-02, 2.854645065963268e-02, 3.150777518749237e-02, 3.538406640291214e-02, 3.742231428623199e-02, 3.837265819311142e-02, 3.886174038052559e-02, 3.977154195308685e-02, 3.586030006408691e-02, 3.633249923586845e-02, 3.67819219827652e-02, 3.301933407783508e-02, 2.372932061553001e-02, -0e+00, -0e+00, -0e+00, -0e+00, -0e+00, -0e+00, -0e+00, -0e+00, 0e+00, -0e+00, 3.389730583876371e-03, 7.539452519267797e-03, 1.011999510228634e-02, 4.383363761007786e-03, 0e+00, -0e+00, -0e+00, -0e+00, -0e+00, -0e+00, -0e+00, 0e+00, -0e+00, -0e+00, -0e+00, 2.278384752571583e-03, 7.326094433665276e-03, 8.611951023340225e-03, -0e+00, -0e+00, -0e+00, -0e+00, -0e+00, -0e+00, -0e+00, -0e+00, 0e+00, 0e+00, 2.000479871639982e-04, 5.693058017641306e-03, 1.229234784841537e-02, 1.488593313843012e-02, -0e+00, -0e+00, -0e+00, -0e+00, -0e+00, -0e+00, 0e+00, 0e+00, -0e+00, -0e+00, 8.598085842095315e-04, 9.098047390580177e-03, 1.613080129027367e-02, 2.133656293153763e-02, 1.618532463908195e-02, -0e+00, -0e+00, -0e+00, -0e+00, 0e+00, 0e+00, -0e+00, -0e+00, 1.056983973830938e-02, 2.75748074054718e-02, 3.72227281332016e-02, 4.559104517102242e-02, 5.363244563341141e-02, 5.143549293279648e-02, 2.152665518224239e-02, 1.762709952890873e-02, 3.015119396150112e-02, 3.142997249960899e-02, 2.607781626284122e-02, 4.500323534011841e-02, 5.50130195915699e-02, 5.862079560756683e-02, 6.150421872735023e-02, 6.432617455720901e-02]
bui.disFloHea.m_flow_nominal=[9.560229629278183e-02, 9.560229629278183e-02]
bui.terUni.QHea_flow_nominal=[2e+03, 2e+03]
supChiWat.T_in=[2.801499938964844e+02, 2.801499938964844e+02]
bui.terUni.T_aChiWat_nominal=[2.801499938964844e+02, 2.801499938964844e+02]
bui.disFloCoo.mReq_flow[1]=[0e+00, 0e+00, 0e+00, 0e+00, 0e+00, 0e+00, 0e+00, 0e+00, 0e+00, 0e+00, 0e+00, 0e+00, 0e+00, 0e+00, 0e+00, 0e+00, 0e+00, 0e+00, 0e+00, 0e+00, 0e+00, 0e+00, 0e+00, 0e+00, 0e+00, 0e+00, 0e+00, 0e+00, 0e+00, 0e+00, 0e+00, 0e+00, 0e+00, 0e+00, 0e+00, 0e+00, 0e+00, 0e+00, 0e+00, 0e+00, 0e+00, 0e+00, 0e+00, 0e+00, 0e+00, 0e+00, 0e+00, 0e+00, 0e+00, 0e+00, 0e+00, 0e+00, 0e+00, 0e+00, 0e+00, 0e+00, 0e+00, 0e+00, 0e+00, 0e+00, 0e+00, 0e+00, 0e+00, 0e+00, 0e+00, 0e+00, 0e+00, 0e+00, 0e+00, 0e+00, 0e+00, 0e+00, 0e+00, 0e+00, 0e+00, 0e+00, 0e+00, 0e+00, 0e+00, 0e+00, 0e+00, 0e+00, 0e+00, 0e+00, 0e+00, 0e+00, 0e+00, 0e+00, 0e+00, 0e+00, 0e+00, 0e+00, 0e+00, 0e+00, 0e+00, 0e+00, 0e+00, 0e+00, 0e+00, 0e+00, 0e+00]
bui.disFloCoo.mAct_flow[1].y=[-0e+00, -0e+00, -0e+00, -0e+00, -0e+00, -0e+00, -0e+00, 0e+00, -0e+00, -0e+00, -0e+00, -0e+00, -0e+00, -0e+00, 0e+00, -0e+00, -0e+00, 0e+00, -0e+00, -0e+00, -0e+00, -0e+00, -0e+00, -0e+00, -0e+00, -0e+00, -0e+00, -0e+00, 0e+00, -0e+00, -0e+00, -0e+00, -0e+00, -0e+00, 0e+00, -0e+00, -0e+00, -0e+00, -0e+00, -0e+00, -0e+00, 0e+00, -0e+00, -0e+00, -0e+00, -0e+00, -0e+00, -0e+00, -0e+00, -0e+00, -0e+00, -0e+00, -0e+00, -0e+00, -0e+00, -0e+00, 0e+00, 0e+00, -0e+00, -0e+00, -0e+00, -0e+00, -0e+00, -0e+00, -0e+00, -0e+00, -0e+00, -0e+00, 0e+00, 0e+00, -0e+00, -0e+00, -0e+00, -0e+00, -0e+00, -0e+00, -0e+00, -0e+00, -0e+00, -0e+00, -0e+00, 0e+00, 0e+00, -0e+00, -0e+00, -0e+00, -0e+00, -0e+00, -0e+00, -0e+00, -0e+00, -0e+00, -0e+00, -0e+00, -0e+00, -0e+00, -0e+00, -0e+00, -0e+00, -0e+00, -0e+00]
bui.disFloCoo.m_flow_nominal=[9.560229629278183e-02, 9.560229629278183e-02]
