last-generated=2022-08-31
statistics-initialization=
{
  "linear": "3, 0, 0",
  "nonlinear": "1, 1, 5, 1, 1",
  "numerical Jacobians": "0"
}
statistics-simulation=
{
  "linear": "0, 0, 2, 0",
  "nonlinear": "1, 4, 1, 1",
  "number of continuous time states": "17",
  "numerical Jacobians": "0"
}
time=[0e+00, 6.048e+05]
bui.maxTSet.y=[2.971499938964844e+02, 2.971499938964844e+02]
bui.minTSet.y=[2.931499938964844e+02, 2.931499938964844e+02]
bui.thermalZoneOneElement.TAir=[2.951499938964844e+02, 2.931500244140625e+02, 2.931499328613281e+02, 2.931499633789062e+02, 2.931502075195312e+02, 2.971508483886719e+02, 2.971495971679688e+02, 2.971498413085938e+02, 2.971499938964844e+02, 2.971499328613281e+02, 2.960457763671875e+02, 2.931499633789062e+02, 2.931499328613281e+02, 2.931499938964844e+02, 2.931499328613281e+02, 2.931498718261719e+02, 2.931499633789062e+02, 2.931500244140625e+02, 2.931500244140625e+02, 2.971416320800781e+02, 2.971497497558594e+02, 2.971496887207031e+02, 2.971501770019531e+02, 2.9714990234375e+02, 2.971499633789062e+02, 2.931499938964844e+02, 2.931499633789062e+02, 2.931499328613281e+02, 2.931499633789062e+02, 2.931499938964844e+02, 2.931500854492188e+02, 2.931499633789062e+02, 2.931499633789062e+02, 2.954242248535156e+02, 2.971502075195312e+02, 2.97149658203125e+02, 2.971500244140625e+02, 2.971499633789062e+02, 2.97149658203125e+02, 2.933812866210938e+02, 2.931497192382812e+02, 2.931499328613281e+02, 2.931499633789062e+02, 2.931499633789062e+02, 2.931499328613281e+02, 2.931498413085938e+02, 2.931500549316406e+02, 2.931503601074219e+02, 2.971500549316406e+02, 2.971501159667969e+02, 2.9714990234375e+02, 2.971499633789062e+02, 2.971498718261719e+02, 2.9618896484375e+02, 2.931499328613281e+02, 2.931499633789062e+02, 2.931499328613281e+02, 2.931500244140625e+02, 2.931499938964844e+02, 2.9314990234375e+02, 2.931499938964844e+02, 2.931500854492188e+02, 2.971509399414062e+02, 2.97150390625e+02, 2.971497192382812e+02, 2.971500244140625e+02, 2.971498718261719e+02, 2.968432006835938e+02, 2.931499328613281e+02, 2.931499633789062e+02, 2.931500244140625e+02, 2.931499633789062e+02, 2.931499633789062e+02, 2.931499938964844e+02, 2.931499633789062e+02, 2.931499633789062e+02, 2.95080810546875e+02, 2.971497802734375e+02, 2.971498107910156e+02, 2.971499938964844e+02, 2.971499328613281e+02, 2.971499633789062e+02, 2.931500244140625e+02, 2.931499633789062e+02, 2.931499633789062e+02, 2.931501770019531e+02, 2.931500244140625e+02, 2.931498413085938e+02, 2.931499938964844e+02, 2.931500854492188e+02, 2.936056823730469e+02, 2.964044189453125e+02, 2.9714990234375e+02, 2.971509399414062e+02, 2.9714990234375e+02, 2.971497497558594e+02, 2.931514892578125e+02, 2.931499633789062e+02, 2.931499633789062e+02, 2.931500244140625e+02, 2.931499633789062e+02]
bui.terUni.QActHea_flow=[-0e+00, 3.5711767578125e+02, 3.681914367675781e+02, 3.89006103515625e+02, 3.756137390136719e+02, 0e+00, 0e+00, 0e+00, 0e+00, 0e+00, 0e+00, 1.998670349121094e+02, 2.140719757080078e+02, 2.359507598876953e+02, 2.724279479980469e+02, 2.628519287109375e+02, 3.026868286132812e+02, 3.208455200195312e+02, 3.012623901367188e+02, 0e+00, 0e+00, 0e+00, 0e+00, 0e+00, 0e+00, 1.328315582275391e+02, 1.355738983154297e+02, 1.793816375732422e+02, 1.93331024169922e+02, 2.067041320800781e+02, 1.981906280517578e+02, 1.638034210205078e+02, 1.904802703857422e+02, 0e+00, 0e+00, 0e+00, 0e+00, 0e+00, 0e+00, 0e+00, 8.975782012939453e+01, 1.295459136962889e+02, 1.574069671630859e+02, 1.741842956542969e+02, 2.020953521728516e+02, 2.243440704345703e+02, 2.699910888671875e+02, 2.530194549560547e+02, 0e+00, 0e+00, 0e+00, 0e+00, 0e+00, 0e+00, 1.540430908203125e+02, 1.715907440185547e+02, 1.817888031005864e+02, 2.039711608886721e+02, 2.223287811279297e+02, 2.721510314941406e+02, 2.894734191894531e+02, 2.94000732421875e+02, 0e+00, 0e+00, 0e+00, 0e+00, 0e+00, 0e+00, 1.600088500976566e+02, 1.847051086425779e+02, 2.016227722167969e+02, 2.197782745361328e+02, 2.354209747314453e+02, 2.530017395019531e+02, 2.62311767578125e+02, 2.810750732421875e+02, 0e+00, 0e+00, 0e+00, 0e+00, 0e+00, 0e+00, 1.542176513671878e+02, 1.829387817382812e+02, 2.114709167480469e+02, 1.671308288574219e+02, 2.016586151123047e+02, 2.095196075439453e+02, 2.545630950927734e+02, 2.463118133544922e+02, 0e+00, 0e+00, 0e+00, 0e+00, 0e+00, 0e+00, 1.758048553466797e+02, 2.143076324462891e+02, 2.376220092773438e+02, 2.443849334716797e+02, 2.56877197265625e+02]
bui.terUni.QActCoo_flow=[-0e+00, -0e+00, -0e+00, -0e+00, -0e+00, -6.516846923828125e+02, -7.815650024414062e+02, -2.790302429199216e+02, -2.508705902099609e+02, -2.120231475830078e+02, -0e+00, -0e+00, -0e+00, -0e+00, 0e+00, -0e+00, -0e+00, 0e+00, -0e+00, -2.401556091308594e+02, -9.782821655273438e+02, -5.313568725585938e+02, -3.750708618164062e+02, -3.02874267578125e+02, -2.394542694091797e+01, -0e+00, -0e+00, -0e+00, 0e+00, -0e+00, -0e+00, -0e+00, -0e+00, -0e+00, -8.45603515625001e+02, -6.459398193359375e+02, -4.422227172851562e+02, -4.348830871582031e+02, -2.270812835693359e+02, -0e+00, -0e+00, 0e+00, -0e+00, -0e+00, -0e+00, -0e+00, -0e+00, -0e+00, -4.130116882324219e+02, -3.711847229003906e+02, -4.067315673828125e+02, -3.799364318847656e+02, -2.381476745605469e+02, -0e+00, -0e+00, -0e+00, 0e+00, 0e+00, -0e+00, -0e+00, -0e+00, -0e+00, -3.18061767578125e+02, -5.758826293945312e+02, -4.103216247558594e+02, -2.745440368652344e+02, -2.672426452636719e+02, -0e+00, 0e+00, 0e+00, -0e+00, -0e+00, -0e+00, -0e+00, -0e+00, -0e+00, -0e+00, -8.460135498046875e+02, -3.680318603515625e+02, -3.218744812011719e+02, -2.652839660644531e+02, -4.432001495361115e+01, 0e+00, -0e+00, -0e+00, -0e+00, -0e+00, -0e+00, -0e+00, -0e+00, -0e+00, -0e+00, -3.002628784179688e+02, -1.911925964355469e+02, -3.001626892089844e+02, -2.076443481445312e+02, -0e+00, -0e+00, -0e+00, -0e+00, -0e+00]
supHeaWat.T_in=[3.131499938964844e+02, 3.131499938964844e+02]
bui.disFloHea.senTSup.T=[2.931499938964844e+02, 3.081499938964844e+02, 3.081500244140625e+02, 3.081500244140625e+02, 3.081499633789062e+02, 3.081466979980469e+02, 3.081466979980469e+02, 3.081466979980469e+02, 3.081466979980469e+02, 3.081466979980469e+02, 3.081466979980469e+02, 3.081500244140625e+02, 3.081500244140625e+02, 3.081499938964844e+02, 3.081500244140625e+02, 3.081500244140625e+02, 3.081500244140625e+02, 3.081499938964844e+02, 3.081499938964844e+02, 3.081498718261719e+02, 3.081498718261719e+02, 3.081498718261719e+02, 3.081498718261719e+02, 3.081498718261719e+02, 3.081498718261719e+02, 3.0814990234375e+02, 3.081502685546875e+02, 3.081500549316406e+02, 3.081499938964844e+02, 3.081499938964844e+02, 3.081499633789062e+02, 3.081499938964844e+02, 3.081500244140625e+02, 3.081498718261719e+02, 3.081498718261719e+02, 3.081498718261719e+02, 3.081498718261719e+02, 3.081498718261719e+02, 3.081498718261719e+02, 3.081498718261719e+02, 3.080867309570312e+02, 3.081500549316406e+02, 3.081500244140625e+02, 3.081500244140625e+02, 3.081500244140625e+02, 3.081500854492188e+02, 3.081499938964844e+02, 3.0814990234375e+02, 3.081498718261719e+02, 3.081498718261719e+02, 3.081498718261719e+02, 3.081498718261719e+02, 3.081498718261719e+02, 3.081498718261719e+02, 3.081500549316406e+02, 3.081500244140625e+02, 3.081500244140625e+02, 3.081499633789062e+02, 3.081499938964844e+02, 3.081500549316406e+02, 3.081499938964844e+02, 3.081499633789062e+02, 3.0814990234375e+02, 3.0814990234375e+02, 3.0814990234375e+02, 3.0814990234375e+02, 3.0814990234375e+02, 3.0814990234375e+02, 3.081500244140625e+02, 3.081500244140625e+02, 3.081499938964844e+02, 3.081500244140625e+02, 3.081500244140625e+02, 3.081499938964844e+02, 3.081500244140625e+02, 3.081500244140625e+02, 3.081498718261719e+02, 3.081498718261719e+02, 3.081498718261719e+02, 3.081498718261719e+02, 3.081498718261719e+02, 3.081498718261719e+02, 3.081495056152344e+02, 3.081500244140625e+02, 3.081500244140625e+02, 3.081498718261719e+02, 3.081499938964844e+02, 3.081500549316406e+02, 3.081499938964844e+02, 3.081499633789062e+02, 3.081499938964844e+02, 3.081499938964844e+02, 3.081499938964844e+02, 3.081499938964844e+02, 3.081499938964844e+02, 3.081499938964844e+02, 3.081497192382812e+02, 3.081500244140625e+02, 3.081500244140625e+02, 3.081499938964844e+02, 3.081500244140625e+02]
bui.terUni.T_aHeaWat_nominal=[3.131499938964844e+02, 3.131499938964844e+02]
bui.disFloHea.mReq_flow[1]=[0e+00, 2.016867324709892e-02, 2.091868594288826e-02, 2.234438247978687e-02, 2.142526768147945e-02, 0e+00, 0e+00, 0e+00, 0e+00, 0e+00, 0e+00, 1.015779934823513e-02, 1.100991200655699e-02, 1.234413497149944e-02, 1.462392043322325e-02, 1.401880197227001e-02, 1.656551286578178e-02, 1.775204390287399e-02, 1.647323556244373e-02, 0e+00, 0e+00, 0e+00, 0e+00, 0e+00, 0e+00, 6.301915273070335e-03, 6.453568115830421e-03, 8.949335664510727e-03, 9.769592434167869e-03, 1.056660432368517e-02, 1.00581469014287e-02, 8.047502487897873e-03, 9.601019322872162e-03, 0e+00, 0e+00, 0e+00, 0e+00, 0e+00, 0e+00, 0e+00, 4.006829578429461e-03, 6.120624020695678e-03, 7.681627757847309e-03, 8.646804839372635e-03, 1.029070187360048e-02, 1.163296401500702e-02, 1.446969714015722e-02, 1.340297888964415e-02, 0e+00, 0e+00, 0e+00, 0e+00, 0e+00, 0e+00, 7.4902786873281e-03, 8.496428839862347e-03, 9.090086445212394e-03, 1.040294021368028e-02, 1.151044573634863e-02, 1.460630260407925e-02, 1.571226306259632e-02, 1.600384712219238e-02, 0e+00, 0e+00, 0e+00, 0e+00, 0e+00, 0e+00, 7.830095477402228e-03, 9.261017665266979e-03, 1.026258524507284e-02, 1.135541126132011e-02, 1.231149770319462e-02, 1.340139284729958e-02, 1.398491486907005e-02, 1.517422869801521e-02, 0e+00, 0e+00, 0e+00, 0e+00, 0e+00, 0e+00, 7.500565145164742e-03, 9.157431311905384e-03, 1.085306238383055e-02, 8.239052258431911e-03, 1.026471704244614e-02, 1.073550153523684e-02, 1.349898427724838e-02, 1.298492308706045e-02, 0e+00, 0e+00, 0e+00, 0e+00, 0e+00, 0e+00, 8.74220859259367e-03, 1.102417148649693e-02, 1.244704052805901e-02, 1.286524999886751e-02, 1.364374626427889e-02]
bui.disFloHea.mAct_flow[1].y=[0e+00, 2.016867324709892e-02, 2.091868594288826e-02, 2.234438247978687e-02, 2.142526768147945e-02, 0e+00, 0e+00, 0e+00, 0e+00, 0e+00, 0e+00, 1.015779934823513e-02, 1.100991200655699e-02, 1.234413497149944e-02, 1.462392043322325e-02, 1.401880197227001e-02, 1.656551286578178e-02, 1.775204390287399e-02, 1.647323556244373e-02, 0e+00, 0e+00, 0e+00, 0e+00, 0e+00, 0e+00, 6.301915273070335e-03, 6.453568115830421e-03, 8.949335664510727e-03, 9.769592434167869e-03, 1.056660432368517e-02, 1.00581469014287e-02, 8.047502487897873e-03, 9.601019322872162e-03, 0e+00, 0e+00, 0e+00, 0e+00, 0e+00, 0e+00, 0e+00, 4.006829578429461e-03, 6.120624020695678e-03, 7.681627757847309e-03, 8.646804839372635e-03, 1.029070187360048e-02, 1.163296401500702e-02, 1.446969714015722e-02, 1.340297888964415e-02, 0e+00, 0e+00, 0e+00, 0e+00, 0e+00, 0e+00, 7.4902786873281e-03, 8.496428839862347e-03, 9.090086445212394e-03, 1.040294021368028e-02, 1.151044573634863e-02, 1.460630260407925e-02, 1.571226306259632e-02, 1.600384712219238e-02, 0e+00, 0e+00, 0e+00, 0e+00, 0e+00, 0e+00, 7.830095477402228e-03, 9.261017665266979e-03, 1.026258524507284e-02, 1.135541126132011e-02, 1.231149770319462e-02, 1.340139284729958e-02, 1.398491486907005e-02, 1.517422869801521e-02, 0e+00, 0e+00, 0e+00, 0e+00, 0e+00, 0e+00, 7.500565145164742e-03, 9.157431311905384e-03, 1.085306238383055e-02, 8.239052258431911e-03, 1.026471704244614e-02, 1.073550153523684e-02, 1.349898427724838e-02, 1.298492308706045e-02, 0e+00, 0e+00, 0e+00, 0e+00, 0e+00, 0e+00, 8.74220859259367e-03, 1.102417148649693e-02, 1.244704052805901e-02, 1.286524999886751e-02, 1.364374626427889e-02]
bui.disFloHea.m_flow_nominal=[4.780114814639091e-02, 4.780114814639091e-02]
supChiWat.T_in=[2.801499938964844e+02, 2.801499938964844e+02]
bui.disFloCoo.senTSup.T=[2.931499938964844e+02, 2.931499938964844e+02, 2.931499938964844e+02, 2.931499938964844e+02, 2.931499938964844e+02, 2.891484680175781e+02, 2.891500854492188e+02, 2.89150146484375e+02, 2.891499938964844e+02, 2.891500854492188e+02, 2.891499938964844e+02, 2.891499938964844e+02, 2.891499938964844e+02, 2.891499938964844e+02, 2.891499938964844e+02, 2.891499938964844e+02, 2.891499938964844e+02, 2.891499938964844e+02, 2.891499938964844e+02, 2.8915283203125e+02, 2.891500244140625e+02, 2.891501159667969e+02, 2.891499938964844e+02, 2.891500854492188e+02, 2.891503601074219e+02, 2.89150634765625e+02, 2.89150634765625e+02, 2.89150634765625e+02, 2.89150634765625e+02, 2.89150634765625e+02, 2.89150634765625e+02, 2.89150634765625e+02, 2.89150634765625e+02, 2.89150634765625e+02, 2.891499328613281e+02, 2.891501159667969e+02, 2.891500244140625e+02, 2.891500244140625e+02, 2.891501770019531e+02, 2.891504211425781e+02, 2.891504211425781e+02, 2.891504211425781e+02, 2.891504211425781e+02, 2.891504211425781e+02, 2.891504211425781e+02, 2.891504211425781e+02, 2.891504211425781e+02, 2.891504211425781e+02, 2.891492309570312e+02, 2.8914990234375e+02, 2.891500549316406e+02, 2.891500244140625e+02, 2.891500854492188e+02, 2.891499633789062e+02, 2.891499633789062e+02, 2.891499633789062e+02, 2.891499633789062e+02, 2.891499633789062e+02, 2.891499633789062e+02, 2.891499633789062e+02, 2.891499633789062e+02, 2.891499633789062e+02, 2.891513061523438e+02, 2.891498107910156e+02, 2.891501159667969e+02, 2.891499938964844e+02, 2.891500549316406e+02, 2.891429138183594e+02, 2.891429138183594e+02, 2.891429138183594e+02, 2.891429138183594e+02, 2.891429138183594e+02, 2.891429138183594e+02, 2.891429138183594e+02, 2.891429138183594e+02, 2.891429138183594e+02, 2.891429138183594e+02, 2.891500244140625e+02, 2.891501159667969e+02, 2.891499938964844e+02, 2.891500549316406e+02, 2.891464538574219e+02, 2.891680603027344e+02, 2.891680603027344e+02, 2.891680603027344e+02, 2.891680603027344e+02, 2.891680603027344e+02, 2.891680603027344e+02, 2.891680603027344e+02, 2.891680603027344e+02, 2.891680603027344e+02, 2.891680603027344e+02, 2.89149658203125e+02, 2.904046020507812e+02, 2.891500549316406e+02, 2.891501159667969e+02, 2.891182556152344e+02, 2.891182556152344e+02, 2.891182556152344e+02, 2.891182556152344e+02, 2.891182556152344e+02]
bui.terUni.T_aChiWat_nominal=[2.801499938964844e+02, 2.801499938964844e+02]
bui.disFloCoo.mReq_flow[1]=[0e+00, 0e+00, 0e+00, 0e+00, 0e+00, 6.068978831171989e-02, 7.446917146444321e-02, 2.330234833061693e-02, 2.064524777233601e-02, 1.690451428294182e-02, 0e+00, 0e+00, 0e+00, 0e+00, 0e+00, 0e+00, 0e+00, 0e+00, 0e+00, 1.965920440852642e-02, 9.567271173000336e-02, 4.823130741715431e-02, 3.254042193293571e-02, 2.556147240102291e-02, 1.998241757974029e-03, 0e+00, 0e+00, 0e+00, 0e+00, 0e+00, 0e+00, 0e+00, 0e+00, 0e+00, 8.132407069206249e-02, 6.011148169636726e-02, 3.919626399874687e-02, 3.846252709627151e-02, 1.837382651865482e-02, 0e+00, 0e+00, 0e+00, 0e+00, 0e+00, 0e+00, 0e+00, 0e+00, 0e+00, 3.627984225749969e-02, 3.215982392430305e-02, 3.566199541091919e-02, 3.301898762583733e-02, 1.943599991500378e-02, 0e+00, 0e+00, 0e+00, 0e+00, 0e+00, 0e+00, 0e+00, 0e+00, 0e+00, 2.701382525265217e-02, 5.280819162726402e-02, 3.6019217222929e-02, 2.287834882736206e-02, 2.219129726290703e-02, 0e+00, 0e+00, 0e+00, 0e+00, 0e+00, 0e+00, 0e+00, 0e+00, 0e+00, 0e+00, 8.137401193380356e-02, 3.185362741351128e-02, 2.737847156822681e-02, 2.200653031468391e-02, 2.257898915558945e-03, 0e+00, 0e+00, 0e+00, 0e+00, 0e+00, 0e+00, 0e+00, 0e+00, 0e+00, 0e+00, 2.531131356954575e-02, 1.833559013903141e-02, 2.530309557914734e-02, 1.647243835031986e-02, 0e+00, 0e+00, 0e+00, 0e+00, 0e+00]
bui.disFloCoo.mAct_flow[1].y=[0e+00, 0e+00, 0e+00, 0e+00, 0e+00, 6.068978831171989e-02, 7.446917146444321e-02, 2.330234833061693e-02, 2.064524777233601e-02, 1.690451428294182e-02, 0e+00, 0e+00, 0e+00, 0e+00, 0e+00, 0e+00, 0e+00, 0e+00, 0e+00, 1.965920440852642e-02, 9.567271173000336e-02, 4.823130741715431e-02, 3.254042193293571e-02, 2.556147240102291e-02, 1.998241757974029e-03, 0e+00, 0e+00, 0e+00, 0e+00, 0e+00, 0e+00, 0e+00, 0e+00, 0e+00, 8.132407069206249e-02, 6.011148169636726e-02, 3.919626399874687e-02, 3.846252709627151e-02, 1.837382651865482e-02, 0e+00, 0e+00, 0e+00, 0e+00, 0e+00, 0e+00, 0e+00, 0e+00, 0e+00, 3.627984225749969e-02, 3.215982392430305e-02, 3.566199541091919e-02, 3.301898762583733e-02, 1.943599991500378e-02, 0e+00, 0e+00, 0e+00, 0e+00, 0e+00, 0e+00, 0e+00, 0e+00, 0e+00, 2.701382525265217e-02, 5.280819162726402e-02, 3.6019217222929e-02, 2.287834882736206e-02, 2.219129726290703e-02, 0e+00, 0e+00, 0e+00, 0e+00, 0e+00, 0e+00, 0e+00, 0e+00, 0e+00, 0e+00, 8.137401193380356e-02, 3.185362741351128e-02, 2.737847156822681e-02, 2.200653031468391e-02, 2.257898915558945e-03, 0e+00, 0e+00, 0e+00, 0e+00, 0e+00, 0e+00, 0e+00, 0e+00, 0e+00, 0e+00, 2.531131356954575e-02, 1.833559013903141e-02, 2.530309557914734e-02, 1.647243835031986e-02, 0e+00, 0e+00, 0e+00, 0e+00, 0e+00]
bui.disFloCoo.m_flow_nominal=[2.390057295560837e-01, 2.390057295560837e-01]
