last-generated=2022-04-07
statistics-initialization=
{
  "linear": "0",
  "nonlinear": "0",
  "numerical Jacobians": "0"
}
statistics-simulation=
{
  "linear": "0",
  "nonlinear": "0",
  "number of continuous time states": "98",
  "numerical Jacobians": "0"
}
time=[0e+00, 3.6e+03]
hex.Q2_flow=[0e+00, -3.216648681640625e+03, -3.299716552734375e+03, -3.301909423828125e+03, -3.301952392578125e+03, -3.301953369140625e+03, -3.301953125e+03, -3.301953369140625e+03, -3.301953369140625e+03, -3.30195361328125e+03, -3.30195361328125e+03, -3.25400341796875e+03, -3.16459716796875e+03, -3.055867919921875e+03, -2.922954345703125e+03, -2.7577978515625e+03, -2.548783203125e+03, -2.279284912109375e+03, -1.92714453125e+03, -1.468140258789062e+03, -8.864303588867188e+02, -4.581217041015625e+02, -3.38108642578125e+02, -2.671879577636719e+02, -2.194798736572266e+02, -1.855565185546875e+02, -1.610295257568359e+02, -1.43256362915039e+02, -1.303931884765625e+02, -1.211232681274414e+02, -1.144677124023438e+02, -1.097072601318359e+02, -1.063292388916016e+02, -1.03941291809082e+02, -1.022561721801758e+02, -1.010643081665039e+02, -1.002230072021484e+02, -9.963311767578125e+01, -9.922232055664062e+01, -9.893595886230469e+01, -9.873540496826172e+01, -9.859527587890625e+01, -9.849650573730469e+01, -9.842686462402344e+01, -9.837679290771484e+01, -9.834215545654297e+01, -9.831803131103516e+01, -9.830261993408203e+01, -9.829296875e+01, -9.828781127929688e+01, -9.828514099121094e+01, -8.901491546630859e+01, -8.010365295410156e+01, -6.835883331298828e+01, -4.866936492919903e+01, -7.520180225372536e+00, -6.432180786132849e+01, -1.135884857177734e+02, -1.413536834716797e+02, -1.519995880126953e+02, -1.5203125e+02, -1.327822418212891e+02, -1.192962493896484e+02, -1.091577835083008e+02, -1.008187255859375e+02, -9.304571533203125e+01, -8.473577117919922e+01, -7.446700286865234e+01, -6.099284362792969e+01, -3.855315017700195e+01, -2.777373075485229e+00, -1.516205430030823e+00, -1.510320544242859e+00, -1.505421042442322e+00, -1.500480055809021e+00, -1.494977712631226e+00, -1.485170841217041e+00, -1.465036630630493e+00, -1.438018798828125e+00, -1.53758442401886e+00, -1.465082406997681e+00, -1.458668112754822e+00, -1.452470064163208e+00, -1.446173667907715e+00, -1.439842700958252e+00, -1.433079242706299e+00, -1.426239609718323e+00, -1.419295072555542e+00, -1.411974310874939e+00, -1.403354167938232e+00, -1.391250133514404e+00, -1.379702925682068e+00, -1.36719274520874e+00, -1.353186845779419e+00, -1.338508605957031e+00, -1.323054671287537e+00, -1.349732279777527e+00, -1.333982706069946e+00, -1.323269367218018e+00, -1.313144445419312e+00, -1.3017578125e+00]
hex.QLat2_flow=[0e+00, -2.028293090820312e+03, -2.083575927734375e+03, -2.085032958984375e+03, -2.0850625e+03, -2.0850634765625e+03, -2.085063232421875e+03, -2.0850634765625e+03, -2.0850634765625e+03, -2.0850634765625e+03, -2.0850634765625e+03, -2.053224365234375e+03, -1.993527465820312e+03, -1.920366455078125e+03, -1.8301142578125e+03, -1.71678857421875e+03, -1.571594116210938e+03, -1.381696166992188e+03, -1.12942822265625e+03, -7.94547607421875e+02, -3.620646057128906e+02, -5.89918098449707e+01, -2.337568283081055e+01, -1.409891700744629e+01, -1.167295837402344e+01, -1.100445652008057e+01, -1.080137348175049e+01, -1.073255634307861e+01, -1.069549179077148e+01, -1.067495822906494e+01, -1.066352558135986e+01, -1.06534948348999e+01, -1.065141868591309e+01, -1.06507396697998e+01, -1.065087890625e+01, -1.064925193786621e+01, -1.064747428894043e+01, -1.064671039581299e+01, -1.064680767059326e+01, -1.064669418334961e+01, -1.064614582061768e+01, -1.06457691192627e+01, -1.064552974700928e+01, -1.064540100097656e+01, -1.064536380767822e+01, -1.064543724060059e+01, -1.064552402496338e+01, -1.064549732208252e+01, -1.064548587799072e+01, -1.064557361602783e+01, -1.064563083648682e+01, -1.263135433197021e+01, -1.638723373413086e+01, -2.036556243896484e+01, -2.153075790405271e+01, -4.800657272338762e+00, 0e+00, 0e+00, 0e+00, 0e+00, 0e+00, 0e+00, 0e+00, 0e+00, 0e+00, 0e+00, 0e+00, 0e+00, 0e+00, 0e+00, 0e+00, 0e+00, 0e+00, 0e+00, 0e+00, 0e+00, 0e+00, 0e+00, 0e+00, 0e+00, 0e+00, 0e+00, 0e+00, 0e+00, 0e+00, 0e+00, 0e+00, 0e+00, 0e+00, 0e+00, 0e+00, 0e+00, 0e+00, 0e+00, 0e+00, 0e+00, 0e+00, 0e+00, 0e+00, 0e+00, 0e+00]
hex.port_a2.m_flow=[0e+00, 1.400000005960464e-01, 1.400000005960464e-01, 1.400000005960464e-01, 1.400000005960464e-01, 1.400000005960464e-01, 1.400000005960464e-01, 1.400000005960464e-01, 1.400000005960464e-01, 1.400000005960464e-01, 1.400000005960464e-01, 1.400000005960464e-01, 1.400000005960464e-01, 1.400000005960464e-01, 1.400000005960464e-01, 1.400000005960464e-01, 1.400000005960464e-01, 1.400000005960464e-01, 1.400000005960464e-01, 1.400000005960464e-01, 1.400000005960464e-01, 1.400000005960464e-01, 1.400000005960464e-01, 1.400000005960464e-01, 1.400000005960464e-01, 1.400000005960464e-01, 1.400000005960464e-01, 1.400000005960464e-01, 1.400000005960464e-01, 1.400000005960464e-01, 1.400000005960464e-01, 1.400000005960464e-01, 1.400000005960464e-01, 1.400000005960464e-01, 1.400000005960464e-01, 1.400000005960464e-01, 1.400000005960464e-01, 1.400000005960464e-01, 1.400000005960464e-01, 1.400000005960464e-01, 1.400000005960464e-01, 1.400000005960464e-01, 1.400000005960464e-01, 1.400000005960464e-01, 1.400000005960464e-01, 1.400000005960464e-01, 1.400000005960464e-01, 1.400000005960464e-01, 1.400000005960464e-01, 1.400000005960464e-01, 1.400000005960464e-01, 1.12002894282341e-01, 8.400268107652664e-02, 5.57221993803978e-02, 2.786122448742372e-02, 1.247387990586514e-04, -2.811248041689413e-02, -5.599725246429443e-02, -8.400658518075943e-02, -1.119902357459068e-01, -1.399969458580017e-01, -1.260016411542892e-01, -1.120015382766724e-01, -9.800063073635101e-02, -8.399873226881027e-02, -7.003159075975418e-02, -5.579043552279472e-02, -4.204658046364784e-02, -2.641653828322887e-02, -1.22106745839119e-02, 2.697675199669902e-06, 0e+00, 0e+00, 0e+00, 0e+00, 0e+00, 0e+00, 0e+00, 0e+00, 0e+00, 0e+00, 0e+00, 0e+00, 0e+00, 0e+00, 0e+00, 0e+00, 0e+00, 0e+00, 0e+00, 0e+00, 0e+00, 0e+00, 0e+00, 0e+00, 0e+00, 0e+00, 0e+00, 0e+00, 0e+00, 0e+00]
hex.port_b2.m_flow=[-1.400000005960464e-01, -1.400000005960464e-01, -1.400000005960464e-01, -1.400000005960464e-01, -1.400000005960464e-01, -1.400000005960464e-01, -1.400000005960464e-01, -1.400000005960464e-01, -1.400000005960464e-01, -1.400000005960464e-01, -1.400000005960464e-01, -1.400000005960464e-01, -1.400000005960464e-01, -1.400000005960464e-01, -1.400000005960464e-01, -1.400000005960464e-01, -1.400000005960464e-01, -1.400000005960464e-01, -1.400000005960464e-01, -1.400000005960464e-01, -1.400000005960464e-01, -1.400000005960464e-01, -1.400000005960464e-01, -1.400000005960464e-01, -1.400000005960464e-01, -1.400000005960464e-01, -1.400000005960464e-01, -1.400000005960464e-01, -1.400000005960464e-01, -1.400000005960464e-01, -1.400000005960464e-01, -1.400000005960464e-01, -1.400000005960464e-01, -1.400000005960464e-01, -1.400000005960464e-01, -1.400000005960464e-01, -1.400000005960464e-01, -1.400000005960464e-01, -1.400000005960464e-01, -1.400000005960464e-01, -1.400000005960464e-01, -1.400000005960464e-01, -1.400000005960464e-01, -1.400000005960464e-01, -1.400000005960464e-01, -1.400000005960464e-01, -1.400000005960464e-01, -1.400000005960464e-01, -1.400000005960464e-01, -1.400000005960464e-01, -1.400000005960464e-01, -1.120000034570694e-01, -8.399999886751175e-02, -5.60000017285347e-02, -2.800000086426717e-02, 7.140166331002833e-15, 2.800000086426753e-02, 5.60000017285347e-02, 8.399999886751175e-02, 1.120000034570694e-01, 1.400000005960464e-01, 1.260000020265579e-01, 1.120000034570694e-01, 9.799999743700027e-02, 8.399999886751175e-02, 7.000000029802322e-02, 5.60000017285347e-02, 4.199999943375587e-02, 2.800000086426735e-02, 1.400000043213367e-02, -0e+00, -0e+00, -0e+00, -0e+00, -0e+00, -0e+00, -0e+00, -0e+00, -0e+00, -0e+00, -0e+00, -0e+00, -0e+00, -0e+00, -0e+00, -0e+00, -0e+00, -0e+00, -0e+00, -0e+00, -0e+00, -0e+00, -0e+00, -0e+00, -0e+00, -0e+00, -0e+00, -0e+00, -0e+00, -0e+00, -0e+00]
