last-generated=2022-08-31
statistics-initialization=
{
  "nonlinear": "0, 1, 1, 0, 1, 0, 1, 0, 1, 0, 1, 2, 1, 0, 1, 0, 16, 16, 16, 16, 1, 0, 1, 0, 1",
  "numerical Jacobians": "0"
}
statistics-simulation=
{
  "linear": "0, 13, 0, 0, 0, 13, 0, 0, 0, 0, 0, 13, 0, 8, 13, 0, 0, 0, 0, 0, 0",
  "nonlinear": "1, 1, 1, 1, 1, 1, 1, 1, 0, 1, 1, 1, 2, 1, 1, 0, 0, 0",
  "number of continuous time states": "224",
  "numerical Jacobians": "0"
}
time=[0e+00, 1.728e+05]
fanSupHot.m_flow=[-0e+00, 4.448346135887959e-09, -5.970148819756105e-09, 7.058823570105233e-08, 7.971905091608278e-08, 1.504243414274242e-07, 6.122328954916156e-08, -5.220953980256128e-08, -3.593795483425311e-08, -7.527070522428403e-08, -1.404740990196274e-09, 7.632425536030496e-08, 2.009675741195679e+00, 2.057186603546143e+00, 2.062420606613159e+00, 2.063719511032104e+00, 2.059838771820068e+00, 2.021874904632568e+00, 1.93062961101532e+00, 1.874557614326477e+00, 1.858595013618469e+00, 1.845754861831665e+00, 1.832517385482788e+00, 1.819580912590027e+00, 1.806729078292847e+00, 1.796006321907043e+00, 1.798192977905273e+00, 1.794093251228333e+00, 1.771218776702881e+00, 1.764291286468506e+00, 1.761458516120911e+00, 1.76005220413208e+00, 1.759676456451416e+00, 1.759754061698914e+00, 1.759792447090149e+00, 1.759206414222717e+00, 1.766502976417542e+00, 1.789039611816406e+00, 1.813947916030884e+00, 1.843348264694214e+00, -3.291776238256716e-07, 1.076968061397565e-07, 4.565408175949415e-07, 1.073456203926071e-07, -1.673982907846039e-08, -3.134913413305185e-07, -1.904594597590403e-07, -9.563944303181415e-08, -6.555457510160068e-09, 7.737781260175325e-08, 2.563652223841473e-08, 7.187590966850621e-08, 4.659057495359775e-08, -8.931811379397914e-08, -3.105648147538886e-07, 1.236171982554878e-07, 4.858062396806436e-08, 3.776411858780134e-07, -1.204565336365704e-07, -2.123500024708846e-07, -1.258999077435874e-06, 2.926543629655498e-07, 1.927229762077332e+00, 1.920971632003784e+00, 1.913047552108765e+00, 1.90924870967865e+00, 1.908735513687134e+00, 1.893720507621765e+00, 1.849428057670593e+00, 1.815464854240418e+00, 1.805934309959412e+00, 1.797753930091858e+00, 1.787595748901367e+00, 1.77846086025238e+00, 1.773497700691223e+00, 1.768268942832947e+00, 1.77131724357605e+00, 1.765617251396179e+00, 1.747860431671143e+00, 1.754588007926941e+00, 1.757392883300781e+00, 1.757436633110046e+00, 1.753830432891846e+00, 1.746457695960999e+00, 1.742907524108887e+00, 1.741734266281128e+00, 1.753064393997192e+00, 1.78371262550354e+00, 1.803646326065063e+00, 1.817407965660095e+00, 7.011998803818642e-08, 2.598770798556416e-08, -5.291190774414645e-08, -3.854843271255959e-07, -3.599648721319681e-07, 1.611940234624853e-07, 9.520631465420593e-07, 1.277143582001372e-07, -2.22417306794398e-09, -2.68422581939376e-07, 5.082820848656411e-07]
fanSupCol.m_flow=[-0e+00, 1.182323661197415e-08, -1.697395290989334e-08, 1.951419221768447e-07, 2.210125700230492e-07, 4.168568636941927e-07, 1.697395362043608e-07, -1.445712598524551e-07, -9.973661008189083e-08, -2.086040353788121e-07, -3.74597597385673e-09, 2.103599570091319e-07, 2.780535221099854e-01, 1.628901213407516e-01, 1.506098210811615e-01, 1.47626057267189e-01, 1.571348607540131e-01, 2.510517537593847e-01, 5.44590950012207e-01, 8.103028535842896e-01, 8.955917358398438e-01, 9.652861356735229e-01, 1.037896871566772e+00, 1.11044454574585e+00, 1.183176398277283e+00, 1.245015144348145e+00, 1.231738448143005e+00, 1.254926681518555e+00, 1.38886034488678e+00, 1.429567933082581e+00, 1.445645570755005e+00, 1.453043460845947e+00, 1.454155445098877e+00, 1.452692627906799e+00, 1.451714515686035e+00, 1.454521298408508e+00, 1.412495374679565e+00, 1.281071066856384e+00, 1.136258482933044e+00, 9.696373343467712e-01, -9.113256851378537e-07, 2.971027015519212e-07, 1.262393880097079e-06, 2.96868591931343e-07, -4.694176070074718e-08, -8.67193421072443e-07, -5.263096340968332e-07, -2.646766006364487e-07, -1.755926248847572e-08, 2.138718144806262e-07, 7.058823570105233e-08, 1.988879034797719e-07, 1.297044178727447e-07, -2.475856035744073e-07, -8.582967438997002e-07, 3.422885299642071e-07, 1.346210041219824e-07, 1.044541932060367e-06, -3.333918527914648e-07, -5.868305379408412e-07, -3.482352894934593e-06, 8.099502224467869e-07, 5.542594790458679e-01, 5.818713903427124e-01, 6.175564527511597e-01, 6.349864602088928e-01, 6.37448787689209e-01, 7.084309458732605e-01, 9.384394288063068e-01, 1.12754201889038e+00, 1.181156516075134e+00, 1.228206872940063e+00, 1.287616491317749e+00, 1.34166407585144e+00, 1.369100570678711e+00, 1.395818591117859e+00, 1.37557327747345e+00, 1.403043985366821e+00, 1.482506036758423e+00, 1.440122723579407e+00, 1.429158687591553e+00, 1.431925296783447e+00, 1.451492071151733e+00, 1.483546376228333e+00, 1.489583611488342e+00, 1.484777688980103e+00, 1.422016263008118e+00, 1.282521724700928e+00, 1.18929135799408e+00, 1.117111325263977e+00, 1.942054410619676e-07, 7.187590966850621e-08, -1.459760028410528e-07, -1.066432446350518e-06, -9.953760127245914e-07, 4.460052593913133e-07, 2.63330389316252e-06, 3.531752952312672e-07, -5.853087348128838e-09, -7.420543965963589e-07, 1.406028673045512e-06]
fanRet.m_flow=[-0e+00, -4.092868834959518e-07, -4.625109681910544e-07, -8.615744206963427e-08, 1.332552823640754e-08, 4.063213054905646e-07, 9.378597098930186e-08, -4.180274970622123e-07, -3.870841567277239e-07, -5.725685241486644e-07, -2.901375353303592e-07, 1.057652880831483e-07, 3.329938650131226e+00, 3.266627550125122e+00, 3.259433269500732e+00, 3.257607221603394e+00, 3.263320446014404e+00, 3.315302848815918e+00, 3.502130031585693e+00, 3.694579124450684e+00, 3.755400657653809e+00, 3.80682635307312e+00, 3.860429763793945e+00, 3.914527177810669e+00, 3.970137596130371e+00, 4.017552375793457e+00, 4.008078575134277e+00, 4.026424884796143e+00, 4.128410816192627e+00, 4.159322261810303e+00, 4.172276496887207e+00, 4.178848743438721e+00, 4.180934906005859e+00, 4.180767059326172e+00, 4.18024730682373e+00, 4.182536125183105e+00, 4.150897979736328e+00, 4.051382541656494e+00, 3.94155216217041e+00, 3.815185546875e+00, -1.775260898284614e-06, 5.870646546668468e-08, 1.823899992814404e-06, 4.621597611276229e-07, -7.591454220801097e-08, -1.543849293739186e-06, -1.169700453829137e-06, -8.327382374773151e-07, -4.909960011900694e-07, -7.019802694685495e-08, -2.721295402352553e-07, -3.330406528334606e-08, -8.559164399457586e-08, -6.987805818425841e-07, -1.823880552365154e-06, 1.18115302427667e-07, -2.577309317075549e-07, 1.362130433335522e-06, -7.062530471557693e-07, -1.129431211666088e-06, -6.509550075861625e-06, 7.087503490765812e-07, 3.507956504821777e+00, 3.527867794036865e+00, 3.553686380386353e+00, 3.566497802734375e+00, 3.568276643753052e+00, 3.619458436965942e+00, 3.789067506790162e+00, 3.93074893951416e+00, 3.971473693847656e+00, 4.007200717926025e+00, 4.052111148834229e+00, 4.092847347259521e+00, 4.114827632904053e+00, 4.136007308959961e+00, 4.121231555938721e+00, 4.141440391540527e+00, 4.197578430175781e+00, 4.163429737091064e+00, 4.156440258026123e+00, 4.159430980682373e+00, 4.173263072967529e+00, 4.19405460357666e+00, 4.193363189697266e+00, 4.177037715911865e+00, 4.131716251373291e+00, 4.044891357421875e+00, 3.978562355041504e+00, 3.924749612808228e+00, -8.303580045776471e-08, -2.429031269457482e-07, -5.995121910018497e-07, -2.207433226431021e-06, -2.410496335869539e-06, -1.995317404634989e-07, 3.640483782874071e-06, 5.126133828525781e-07, -8.955223229634157e-09, -1.261203692592971e-06, 2.039527771557914e-06]
fanSupHot.dp=[0e+00, 2.473825588822365e-10, -3.492459654808044e-10, 3.972672857344151e-09, 4.496541805565357e-09, 8.483766578137875e-09, 3.463355824351311e-09, -2.939486876130105e-09, -2.037268131971359e-09, -4.249159246683121e-09, -7.275957614183426e-11, 4.278263077139854e-09, 4.582619094848633e+01, 4.804183578491211e+01, 4.828590393066406e+01, 4.834647369384766e+01, 4.816550064086914e+01, 4.639508819580077e+01, 3.702597808837891e+01, 2.417941856384277e+01, 1.963689231872559e+01, 1.577285957336426e+01, 1.165448570251465e+01, 7.422070503234863e+00, 3.052731513977051e+00, -7.537398934364319e-01, 2.709837257862091e-02, -1.42682683467865e+00, -9.871870994567885e+00, -1.251073837280273e+01, -1.356730175018311e+01, -1.406190299987793e+01, -1.41516580581665e+01, -1.406772232055664e+01, -1.400156307220459e+01, -1.418091011047363e+01, -1.147724533081055e+01, -3.165828704833984e+00, 5.660679817199707e+00, 1.53296070098877e+01, -1.855369191616774e-08, 6.039044819772243e-09, 2.569868229329586e-08, 6.05359673500061e-09, -9.458744898438454e-10, -1.765147317200899e-08, -1.0710209608078e-08, -5.398760549724102e-09, -3.637978807091713e-10, 4.351022653281689e-09, 1.440639607608318e-09, 4.059984348714352e-09, 2.648448571562767e-09, -5.049514584243298e-09, -1.747685018926859e-08, 6.970367394387714e-09, 2.735760062932978e-09, 2.126034814864363e-08, -6.781192496418953e-09, -1.194712240248919e-08, -7.08969309926033e-08, 1.648731995373964e-08, 3.634824752807617e+01, 3.51492919921875e+01, 3.351941680908203e+01, 3.269944763183594e+01, 3.258625411987305e+01, 2.915435791015625e+01, 1.704881477355946e+01, 6.20572471618657e+00, 2.996537446975734e+00, 1.290770620107651e-01, -3.55491304397583e+00, -6.957758903503418e+00, -8.707365036010742e+00, -1.038895797729492e+01, -9.080868721008301e+00, -1.075288105010986e+01, -1.550691699981689e+01, -1.264194774627686e+01, -1.200432395935059e+01, -1.222505474090576e+01, -1.345657920837402e+01, -1.535440158843994e+01, -1.546576499938965e+01, -1.472625255584717e+01, -1.075339889526367e+01, -2.80141544342041e+00, 2.565353155136108e+00, 6.768364906311035e+00, 3.958120942115784e-09, 1.455191522836685e-09, -2.968590706586838e-09, -2.171145752072334e-08, -2.025626599788666e-08, 9.080395102500916e-09, 5.360925570130348e-08, 7.188646122813225e-09, -1.164153218269348e-10, -1.510488800704479e-08, 2.86236172541976e-08]
fanSupCol.dp=[0e+00, 2.182787284255028e-10, -2.619344741106033e-10, 3.274180926382542e-09, 3.69618646800518e-09, 6.999471224844456e-09, 2.837623469531536e-09, -2.430169843137265e-09, -1.717125996947289e-09, -3.492459654808044e-09, -1.01863406598568e-10, 3.521563485264778e-09, -4.410556030273438e+01, -4.571860122680664e+01, -4.589060211181641e+01, -4.593239212036133e+01, -4.579920959472656e+01, -4.44837532043457e+01, -4.037178421020508e+01, -3.664871978759766e+01, -3.545346832275391e+01, -3.447668838500977e+01, -3.345895767211914e+01, -3.244203948974609e+01, -3.142245292663574e+01, -3.055550575256348e+01, -3.074164199829102e+01, -3.041654968261719e+01, -2.853863143920898e+01, -2.796780014038086e+01, -2.774232864379883e+01, -2.763861465454102e+01, -2.762301063537598e+01, -2.764352607727051e+01, -2.76572437286377e+01, -2.761788368225098e+01, -2.820711326599121e+01, -3.004999923706055e+01, -3.208018493652344e+01, -3.441570281982422e+01, -1.529406290501356e-08, 4.976755008101463e-09, 2.118758857250214e-08, 4.976755008101463e-09, -7.8580342233181e-10, -1.452281139791012e-08, -8.818460628390312e-09, -4.467437975108624e-09, -3.492459654808044e-10, 3.608874976634979e-09, 1.178705133497715e-09, 3.361492417752743e-09, 2.168235369026661e-09, -4.16184775531292e-09, -1.437729224562645e-08, 5.733454599976531e-09, 2.240994945168505e-09, 1.753505785018178e-08, -5.573383532464504e-09, -9.851646609604359e-09, -5.842593964189291e-08, 1.359148882329464e-08, -4.023630523681641e+01, -3.984945297241211e+01, -3.934948348999023e+01, -3.910527038574219e+01, -3.907077026367188e+01, -3.807614898681641e+01, -3.48529243469238e+01, -3.220234298706056e+01, -3.145075035095216e+01, -3.079113578796387e+01, -2.995819854736328e+01, -2.920039176940918e+01, -2.881568908691406e+01, -2.84410514831543e+01, -2.872493934631348e+01, -2.833974838256836e+01, -2.722551155090332e+01, -2.781987380981445e+01, -2.79736156463623e+01, -2.793481063842773e+01, -2.766042709350586e+01, -2.721093368530273e+01, -2.712629890441895e+01, -2.719372177124023e+01, -2.80738525390625e+01, -3.002970314025879e+01, -3.133672714233398e+01, -3.234856796264648e+01, 3.259629011154175e-09, 1.222360879182816e-09, -2.415617927908897e-09, -1.788430381566286e-08, -1.669104676693678e-08, 7.450580596923828e-09, 4.417961463332176e-08, 5.893525667488575e-09, -8.731149137020111e-11, -1.244188752025366e-08, 2.358865458518267e-08]
fanRet.dp=[0e+00, -1.193257048726082e-09, -1.33877620100975e-09, -2.764863893389702e-10, 1.455191522836685e-11, 1.135049387812614e-09, 2.473825588822365e-10, -1.207808963954449e-09, -1.120497472584248e-09, -1.644366420805454e-09, -8.440110832452774e-10, 2.764863893389702e-10, -1.611325225830078e+02, -1.618712005615234e+02, -1.619551391601562e+02, -1.619764404296875e+02, -1.619097900390625e+02, -1.613032836914062e+02, -1.591235961914062e+02, -1.568783874511719e+02, -1.561688385009766e+02, -1.555689086914062e+02, -1.549435729980469e+02, -1.543125e+02, -1.536637878417969e+02, -1.531106719970703e+02, -1.5322119140625e+02, -1.530071868896484e+02, -1.518175201416016e+02, -1.514569396972656e+02, -1.513058166503906e+02, -1.512291717529297e+02, -1.51204833984375e+02, -1.51206787109375e+02, -1.512128601074219e+02, -1.511861572265625e+02, -1.5155517578125e+02, -1.527160491943359e+02, -1.539972381591797e+02, -1.554713745117188e+02, -5.064066499471664e-09, 1.309672370553017e-10, 5.165929906070232e-09, 1.309672370553017e-09, -2.182787284255028e-10, -4.394678398966789e-09, -3.346940502524376e-09, -2.401066012680531e-09, -1.426087692379951e-09, -2.328306436538696e-10, -8.003553375601768e-10, -1.164153218269348e-10, -2.619344741106033e-10, -2.008164301514626e-09, -5.209585651755333e-09, 3.055902197957002e-10, -7.7125150710344e-10, 3.841705620288766e-09, -2.022716216742992e-09, -3.215973265469074e-09, -1.855369191616774e-08, 1.964508555829525e-09, -1.590555725097656e+02, -1.588232879638672e+02, -1.585220794677734e+02, -1.583726043701172e+02, -1.583518524169922e+02, -1.577547149658203e+02, -1.557760772705078e+02, -1.541232604980469e+02, -1.53648193359375e+02, -1.532314300537109e+02, -1.527075347900391e+02, -1.522323608398438e+02, -1.519759521484375e+02, -1.517288970947266e+02, -1.519012451171875e+02, -1.516655120849609e+02, -1.510106964111328e+02, -1.514090270996094e+02, -1.514905548095703e+02, -1.514556732177734e+02, -1.512943267822266e+02, -1.510517883300781e+02, -1.510598602294922e+02, -1.512502899169922e+02, -1.517789611816406e+02, -1.527917633056641e+02, -1.535655059814453e+02, -1.541932525634766e+02, -2.619344741106033e-10, -7.130438461899757e-10, -1.731677912175655e-09, -6.300979293882847e-09, -6.912159733474255e-09, -6.402842700481415e-10, 1.028820406645536e-08, 1.455191522836685e-09, -2.91038304567337e-11, -3.579771146178246e-09, 5.77711034566164e-09]
flo.sou.air.vol.T=[2.931499938964844e+02, 2.923798828125e+02, 2.922748107910156e+02, 2.921970825195312e+02, 2.920638427734375e+02, 2.919620971679688e+02, 2.919017944335938e+02, 2.918100891113281e+02, 2.91672607421875e+02, 2.91593994140625e+02, 2.915895385742188e+02, 2.914876708984375e+02, 2.917958068847656e+02, 2.91773681640625e+02, 2.917481994628906e+02, 2.917308654785156e+02, 2.917549133300781e+02, 2.91892822265625e+02, 2.921973571777344e+02, 2.925424499511719e+02, 2.927836608886719e+02, 2.930661010742188e+02, 2.93364013671875e+02, 2.934897766113281e+02, 2.935414123535156e+02, 2.935704040527344e+02, 2.935650024414062e+02, 2.935671691894531e+02, 2.936064758300781e+02, 2.936215515136719e+02, 2.936264343261719e+02, 2.936246032714844e+02, 2.936182556152344e+02, 2.9361083984375e+02, 2.936048278808594e+02, 2.936015930175781e+02, 2.935796508789062e+02, 2.935309448242188e+02, 2.934787292480469e+02, 2.934039916992188e+02, 2.932344055175781e+02, 2.930644226074219e+02, 2.930664672851562e+02, 2.932549438476562e+02, 2.932447509765625e+02, 2.931812133789062e+02, 2.928278503417969e+02, 2.927269592285156e+02, 2.926419067382812e+02, 2.925822143554688e+02, 2.925296325683594e+02, 2.924774169921875e+02, 2.924320373535156e+02, 2.923637390136719e+02, 2.922482604980469e+02, 2.921951293945312e+02, 2.921499633789062e+02, 2.921601867675781e+02, 2.922458801269531e+02, 2.921954345703125e+02, 2.919605102539062e+02, 2.919365539550781e+02, 2.926658325195312e+02, 2.926861877441406e+02, 2.927129211425781e+02, 2.927276611328125e+02, 2.927183227539062e+02, 2.92766845703125e+02, 2.929811096191406e+02, 2.932323303222656e+02, 2.933375854492188e+02, 2.934015197753906e+02, 2.9345361328125e+02, 2.934889831542969e+02, 2.935091552734375e+02, 2.935281372070312e+02, 2.9352587890625e+02, 2.935404663085938e+02, 2.9357275390625e+02, 2.935430297851562e+02, 2.935336608886719e+02, 2.93532958984375e+02, 2.935423583984375e+02, 2.935606994628906e+02, 2.9356103515625e+02, 2.935324401855469e+02, 2.93492431640625e+02, 2.93426513671875e+02, 2.93330810546875e+02, 2.93235107421875e+02, 2.928161010742188e+02, 2.926904907226562e+02, 2.926289978027344e+02, 2.925951538085938e+02, 2.926051025390625e+02, 2.927127380371094e+02, 2.927840576171875e+02, 2.927723388671875e+02, 2.927693481445312e+02, 2.926724548339844e+02, 2.926532897949219e+02]
flo.eas.air.vol.T=[2.931499938964844e+02, 2.924093627929688e+02, 2.923101501464844e+02, 2.922387390136719e+02, 2.921714782714844e+02, 2.921039428710938e+02, 2.920502319335938e+02, 2.919908447265625e+02, 2.919149169921875e+02, 2.918479309082031e+02, 2.917958068847656e+02, 2.917438049316406e+02, 2.922372436523438e+02, 2.922296447753906e+02, 2.922171020507812e+02, 2.921997375488281e+02, 2.922203369140625e+02, 2.923627014160156e+02, 2.926343994140625e+02, 2.929335021972656e+02, 2.931672668457031e+02, 2.9334423828125e+02, 2.934577941894531e+02, 2.934632263183594e+02, 2.934721069335938e+02, 2.934897155761719e+02, 2.934836730957031e+02, 2.934917602539062e+02, 2.935413818359375e+02, 2.935554809570312e+02, 2.935589294433594e+02, 2.935599365234375e+02, 2.935596313476562e+02, 2.935595092773438e+02, 2.935584716796875e+02, 2.935602416992188e+02, 2.935399169921875e+02, 2.934830932617188e+02, 2.934067993164062e+02, 2.932682189941406e+02, 2.930508728027344e+02, 2.929298095703125e+02, 2.928206481933594e+02, 2.928377990722656e+02, 2.928675231933594e+02, 2.927185363769531e+02, 2.927290649414062e+02, 2.926910400390625e+02, 2.926404113769531e+02, 2.925970764160156e+02, 2.925582580566406e+02, 2.925138854980469e+02, 2.924643249511719e+02, 2.924177551269531e+02, 2.923819885253906e+02, 2.923521118164062e+02, 2.923128051757812e+02, 2.922352600097656e+02, 2.921264038085938e+02, 2.921103515625e+02, 2.922060241699219e+02, 2.921820068359375e+02, 2.928240966796875e+02, 2.928405151367188e+02, 2.928615417480469e+02, 2.928729553222656e+02, 2.928694152832031e+02, 2.929180297851562e+02, 2.931155395507812e+02, 2.933422546386719e+02, 2.934099731445312e+02, 2.9344677734375e+02, 2.934863586425781e+02, 2.935160522460938e+02, 2.935277404785156e+02, 2.935387268066406e+02, 2.935320129394531e+02, 2.93545654296875e+02, 2.935785522460938e+02, 2.935548095703125e+02, 2.935462646484375e+02, 2.935455932617188e+02, 2.9355419921875e+02, 2.935693664550781e+02, 2.935685119628906e+02, 2.935738525390625e+02, 2.935409240722656e+02, 2.934664001464844e+02, 2.934076232910156e+02, 2.933527221679688e+02, 2.928623962402344e+02, 2.927676696777344e+02, 2.927446899414062e+02, 2.926495971679688e+02, 2.925703125e+02, 2.925572509765625e+02, 2.926003723144531e+02, 2.927686767578125e+02, 2.928017272949219e+02, 2.92766357421875e+02, 2.926926574707031e+02]
flo.nor.air.vol.T=[2.931499938964844e+02, 2.923794860839844e+02, 2.922746276855469e+02, 2.921982727050781e+02, 2.92127197265625e+02, 2.920549926757812e+02, 2.919958801269531e+02, 2.919322204589844e+02, 2.9185302734375e+02, 2.917826232910156e+02, 2.917274475097656e+02, 2.916712951660156e+02, 2.923910217285156e+02, 2.923999633789062e+02, 2.923894653320312e+02, 2.923794555664062e+02, 2.923876037597656e+02, 2.924399719238281e+02, 2.925986328125e+02, 2.928037109375e+02, 2.92937255859375e+02, 2.930733947753906e+02, 2.931767578125e+02, 2.93288818359375e+02, 2.934023132324219e+02, 2.934485778808594e+02, 2.9345703125e+02, 2.934772033691406e+02, 2.935302124023438e+02, 2.935469970703125e+02, 2.9355224609375e+02, 2.935555419921875e+02, 2.935570678710938e+02, 2.935575256347656e+02, 2.935585632324219e+02, 2.935612487792969e+02, 2.935461120605469e+02, 2.935053100585938e+02, 2.934622497558594e+02, 2.93409423828125e+02, 2.928472595214844e+02, 2.927030639648438e+02, 2.926572875976562e+02, 2.926190490722656e+02, 2.926393127441406e+02, 2.925835266113281e+02, 2.925193481445312e+02, 2.92470947265625e+02, 2.924203186035156e+02, 2.923769226074219e+02, 2.923384704589844e+02, 2.922955017089844e+02, 2.922470397949219e+02, 2.922005615234375e+02, 2.9216357421875e+02, 2.921308288574219e+02, 2.920934753417969e+02, 2.920616455078125e+02, 2.920421142578125e+02, 2.920261840820312e+02, 2.919975280761719e+02, 2.919761962890625e+02, 2.929609985351562e+02, 2.930028381347656e+02, 2.930406494140625e+02, 2.930675354003906e+02, 2.93074951171875e+02, 2.931346740722656e+02, 2.933389892578125e+02, 2.934561767578125e+02, 2.934837036132812e+02, 2.935036926269531e+02, 2.935265502929688e+02, 2.935462341308594e+02, 2.935624084472656e+02, 2.935850219726562e+02, 2.935892639160156e+02, 2.936146850585938e+02, 2.936744079589844e+02, 2.936581115722656e+02, 2.936460876464844e+02, 2.93641845703125e+02, 2.936524963378906e+02, 2.936799926757812e+02, 2.936993103027344e+02, 2.937046813964844e+02, 2.936714477539062e+02, 2.93588134765625e+02, 2.935234985351562e+02, 2.93489013671875e+02, 2.930067443847656e+02, 2.928736267089844e+02, 2.928266906738281e+02, 2.927864074707031e+02, 2.927515563964844e+02, 2.927326049804688e+02, 2.9272509765625e+02, 2.9266162109375e+02, 2.927075500488281e+02, 2.926755981445312e+02, 2.924474792480469e+02]
flo.wes.air.vol.T=[2.931499938964844e+02, 2.920982055664062e+02, 2.919955444335938e+02, 2.919285888671875e+02, 2.918792114257812e+02, 2.918472595214844e+02, 2.91850830078125e+02, 2.91794921875e+02, 2.916954956054688e+02, 2.916235656738281e+02, 2.915428771972656e+02, 2.915191955566406e+02, 2.923614501953125e+02, 2.923678894042969e+02, 2.923659362792969e+02, 2.923670959472656e+02, 2.923724975585938e+02, 2.924190368652344e+02, 2.925640563964844e+02, 2.927432556152344e+02, 2.928337707519531e+02, 2.929138488769531e+02, 2.930151977539062e+02, 2.931239929199219e+02, 2.932274475097656e+02, 2.933251342773438e+02, 2.933513793945312e+02, 2.934063720703125e+02, 2.934994812011719e+02, 2.935285034179688e+02, 2.935441284179688e+02, 2.935535583496094e+02, 2.935581359863281e+02, 2.935598449707031e+02, 2.935600280761719e+02, 2.935612487792969e+02, 2.935432739257812e+02, 2.934942626953125e+02, 2.934370727539062e+02, 2.933545837402344e+02, 2.929546508789062e+02, 2.928283996582031e+02, 2.927838745117188e+02, 2.927606811523438e+02, 2.927657775878906e+02, 2.927149658203125e+02, 2.926518249511719e+02, 2.926040954589844e+02, 2.925534973144531e+02, 2.925107421875e+02, 2.924728088378906e+02, 2.924322204589844e+02, 2.923873291015625e+02, 2.923426208496094e+02, 2.923021850585938e+02, 2.922648315429688e+02, 2.922353820800781e+02, 2.922090759277344e+02, 2.921859741210938e+02, 2.921698913574219e+02, 2.921417541503906e+02, 2.921092529296875e+02, 2.928945617675781e+02, 2.92925048828125e+02, 2.929573059082031e+02, 2.929794616699219e+02, 2.929844970703125e+02, 2.930389709472656e+02, 2.9323828125e+02, 2.934220581054688e+02, 2.934654846191406e+02, 2.934916687011719e+02, 2.935173645019531e+02, 2.935372619628906e+02, 2.935489196777344e+02, 2.935600280761719e+02, 2.935542602539062e+02, 2.935668029785156e+02, 2.936059875488281e+02, 2.93585693359375e+02, 2.935746154785156e+02, 2.935744934082031e+02, 2.935830688476562e+02, 2.936027526855469e+02, 2.936178283691406e+02, 2.936561584472656e+02, 2.936426391601562e+02, 2.935294799804688e+02, 2.934861755371094e+02, 2.934652404785156e+02, 2.930857543945312e+02, 2.929716796875e+02, 2.929269409179688e+02, 2.928855285644531e+02, 2.928494873046875e+02, 2.928320617675781e+02, 2.928287658691406e+02, 2.928170166015625e+02, 2.928141784667969e+02, 2.927812194824219e+02, 2.925747375488281e+02]
flo.cor.air.vol.T=[2.931499938964844e+02, 2.928847045898438e+02, 2.928187866210938e+02, 2.927740173339844e+02, 2.927293090820312e+02, 2.926864624023438e+02, 2.926580505371094e+02, 2.926192016601562e+02, 2.925610961914062e+02, 2.925125732421875e+02, 2.924782104492188e+02, 2.924396362304688e+02, 2.935060119628906e+02, 2.934716186523438e+02, 2.934668273925781e+02, 2.934656677246094e+02, 2.934696350097656e+02, 2.93502197265625e+02, 2.935743713378906e+02, 2.936529541015625e+02, 2.936894226074219e+02, 2.937249450683594e+02, 2.937615356445312e+02, 2.937989807128906e+02, 2.938463134765625e+02, 2.938917236328125e+02, 2.938663024902344e+02, 2.938871765136719e+02, 2.940376586914062e+02, 2.94080810546875e+02, 2.94104248046875e+02, 2.9412158203125e+02, 2.941338195800781e+02, 2.941429138183594e+02, 2.941516723632812e+02, 2.941625671386719e+02, 2.94106689453125e+02, 2.939455871582031e+02, 2.937976684570312e+02, 2.937100524902344e+02, 2.936690063476562e+02, 2.935526428222656e+02, 2.935117492675781e+02, 2.934988403320312e+02, 2.93499267578125e+02, 2.934588928222656e+02, 2.934000244140625e+02, 2.93361328125e+02, 2.933207397460938e+02, 2.932850952148438e+02, 2.932526550292969e+02, 2.932208862304688e+02, 2.93188232421875e+02, 2.931531372070312e+02, 2.931146240234375e+02, 2.930835876464844e+02, 2.930542602539062e+02, 2.930285339355469e+02, 2.930088500976562e+02, 2.929895935058594e+02, 2.92952880859375e+02, 2.929273986816406e+02, 2.935753784179688e+02, 2.9358251953125e+02, 2.935915222167969e+02, 2.935960388183594e+02, 2.935966491699219e+02, 2.936182861328125e+02, 2.937109985351562e+02, 2.938597717285156e+02, 2.939067993164062e+02, 2.939443054199219e+02, 2.939895629882812e+02, 2.940330810546875e+02, 2.940560607910156e+02, 2.940812683105469e+02, 2.940394897460938e+02, 2.94064208984375e+02, 2.942030029296875e+02, 2.941672058105469e+02, 2.94165771484375e+02, 2.941777038574219e+02, 2.942047729492188e+02, 2.942469787597656e+02, 2.942587585449219e+02, 2.942532043457031e+02, 2.941686401367188e+02, 2.939987487792969e+02, 2.938807983398438e+02, 2.937842407226562e+02, 2.937601013183594e+02, 2.936553649902344e+02, 2.936160583496094e+02, 2.935754699707031e+02, 2.935426330566406e+02, 2.935352783203125e+02, 2.935397644042969e+02, 2.935389404296875e+02, 2.935409240722656e+02, 2.935120239257812e+02, 2.934344787597656e+02]
cor.vavHot.m_flow=[2.044842379814522e-18, -3.556916317471598e-13, -2.69872421935699e-13, -1.606143495112844e-12, -1.844292947528192e-12, -2.731629375821165e-12, -1.312222140843755e-12, 2.924453214314672e-13, 7.270684163236674e-14, 5.728768696401654e-13, -6.659665223798794e-13, -1.492344442466376e-12, 6.290330290794373e-01, 6.440660357475281e-01, 6.457247734069824e-01, 6.46136462688446e-01, 6.449058055877686e-01, 6.3288676738739e-01, 6.039970517158508e-01, 5.860797762870789e-01, 5.809077620506287e-01, 5.767741203308105e-01, 5.726127028465271e-01, 5.685192942619324e-01, 5.643724203109741e-01, 5.608265399932861e-01, 5.617042183876038e-01, 5.603320598602295e-01, 5.520933866500854e-01, 5.495456457138062e-01, 5.484239459037781e-01, 5.477923154830933e-01, 5.475254654884338e-01, 5.474317073822021e-01, 5.47327995300293e-01, 5.470086336135864e-01, 5.498697757720947e-01, 5.583274960517883e-01, 5.67008912563324e-01, 5.764987468719482e-01, 5.038571122828461e-12, -8.984162155542541e-13, -6.476789157078278e-12, -1.346034069794888e-12, 2.406529294417259e-13, 3.914954731926157e-12, 3.022880990660726e-12, 1.906734969567281e-12, 6.85750880993069e-13, -4.067152701865001e-13, 3.118843887577744e-13, -4.212012412029703e-13, -1.876098560359141e-13, 1.690965293135727e-12, 4.933024475017866e-12, -1.082642439240164e-12, -2.700910411394252e-14, -5.01675003622406e-12, 1.090316422217019e-12, 2.506935848148317e-12, 1.854366660225537e-11, -3.339749700750905e-12, 6.029216051101685e-01, 6.009318828582764e-01, 5.98410427570343e-01, 5.972005128860474e-01, 5.970368981361389e-01, 5.922436714172363e-01, 5.781002044677733e-01, 5.668925642967224e-01, 5.637158751487732e-01, 5.609621405601501e-01, 5.57504415512085e-01, 5.543254017829895e-01, 5.526843667030334e-01, 5.510543584823608e-01, 5.526054501533508e-01, 5.509935021400452e-01, 5.451391935348511e-01, 5.478441119194031e-01, 5.483587384223938e-01, 5.479989647865295e-01, 5.465952754020691e-01, 5.443353652954102e-01, 5.439353585243225e-01, 5.44553816318512e-01, 5.491088032722473e-01, 5.578569173812866e-01, 5.635873675346375e-01, 5.680415034294128e-01, -2.065017427888005e-12, -1.267270685091637e-12, -4.999154234563812e-14, 4.055982112671774e-12, 3.408215333219888e-12, -3.562045623739518e-12, -1.374211421739657e-11, -1.475402048797814e-12, 2.706450345682076e-14, 3.85456640564219e-12, -5.64494544857963e-12]
sou.vavHot.m_flow=[-0e+00, 2.998364577455614e-12, 2.449366230672378e-12, -5.562388657315287e-13, -3.113690512021594e-12, -4.285258346087284e-12, -3.518442481809103e-12, -3.698216212433271e-12, -5.790046827408579e-12, -5.405108218642374e-12, -4.316528037784373e-12, -6.825272118315961e-12, 3.543484210968018e-01, 3.627059757709503e-01, 3.636258840560913e-01, 3.638541400432587e-01, 3.631722927093506e-01, 3.564960658550262e-01, 3.404476642608643e-01, 3.306271433830261e-01, 3.278516530990601e-01, 3.256693482398987e-01, 3.23120504617691e-01, 3.206824660301208e-01, 3.184439837932587e-01, 3.16616028547287e-01, 3.169813752174377e-01, 3.163231313228607e-01, 3.12590628862381e-01, 3.114683330059052e-01, 3.110328614711761e-01, 3.108483552932739e-01, 3.108411133289337e-01, 3.109058141708374e-01, 3.109583258628845e-01, 3.1090247631073e-01, 3.120579421520233e-01, 3.156923949718475e-01, 3.19870263338089e-01, 3.249942362308502e-01, -6.743168089878848e-12, -1.191407736356176e-11, -1.095076720275534e-11, -1.535147470298551e-13, 1.390751527613129e-13, 2.300244630187853e-12, -8.762625174074667e-12, -1.020250810918055e-11, -1.123414469089701e-11, -1.156830447407442e-11, -1.092723394408024e-11, -1.044513347342457e-11, -9.10081211780156e-12, -8.452002986381046e-12, -1.022883167056676e-11, -1.308327231275274e-11, -1.195603598763694e-11, -1.187222802706554e-11, -3.019876666440768e-12, -4.827218052366744e-12, -5.628786499400906e-12, -1.65647686539705e-11, 3.398500084877014e-01, 3.387512266635895e-01, 3.373607099056244e-01, 3.366943895816803e-01, 3.366044163703918e-01, 3.339730799198151e-01, 3.263547420501708e-01, 3.206400871276855e-01, 3.189361393451691e-01, 3.174868524074554e-01, 3.157257735729218e-01, 3.141750395298004e-01, 3.133849501609802e-01, 3.126335740089417e-01, 3.13165158033371e-01, 3.124271929264069e-01, 3.104518055915833e-01, 3.116776049137115e-01, 3.119679689407349e-01, 3.118896484375e-01, 3.113721609115601e-01, 3.105699121952057e-01, 3.105263710021973e-01, 3.109108805656433e-01, 3.126316666603088e-01, 3.161235153675079e-01, 3.187381625175476e-01, 3.208974301815033e-01, -1.225659851389338e-11, -1.260235579086944e-11, -1.272839732918696e-11, -9.780638104972539e-12, -7.361222742474638e-12, -4.304456530795919e-12, -3.719564153209509e-12, -1.470020936575334e-14, 1.270980306541719e-14, -1.1897519644824e-12, 1.427851218337162e-12]
eas.vavHot.m_flow=[-0e+00, 1.46847009378781e-12, 1.549105353541858e-12, 9.079031471938281e-13, 1.228305760055115e-12, 9.534851207193551e-13, 1.362509172327109e-12, 2.607121333056407e-12, 3.680582748299965e-12, 3.824276399028159e-12, 2.359836501555912e-12, 3.137176065801106e-12, 2.523245513439178e-01, 2.582758963108063e-01, 2.589309811592102e-01, 2.590934932231903e-01, 2.5860795378685e-01, 2.538538873195648e-01, 2.424255013465881e-01, 2.354318052530289e-01, 2.334466129541397e-01, 2.316581010818481e-01, 2.299127131700516e-01, 2.283904254436493e-01, 2.268893420696259e-01, 2.25620299577713e-01, 2.258810549974442e-01, 2.254021316766739e-01, 2.227337807416916e-01, 2.219410389661789e-01, 2.216355949640274e-01, 2.214977443218231e-01, 2.214778512716293e-01, 2.215060144662857e-01, 2.215310633182526e-01, 2.214797586202621e-01, 2.222954034805298e-01, 2.248920351266861e-01, 2.278998643159866e-01, 2.316224277019501e-01, 3.553611398199319e-12, 1.728097699660314e-12, -4.507887552823719e-12, -7.174568556443661e-13, 1.041324077205412e-13, -8.275697293246009e-13, 1.39056138565713e-12, 2.724930307437812e-12, 3.583330463949319e-12, 4.140228958282588e-12, 5.006937572882286e-12, 3.291206933722646e-12, 1.711590721584222e-12, 2.907929539525123e-12, 8.756688082978137e-12, 5.68828274413734e-12, 3.994165241605313e-12, -2.076468988074154e-12, -2.430082177151682e-12, -1.730513410520829e-12, 1.190110076459971e-11, 6.138753134293795e-12, 2.41999939084053e-01, 2.412174344062805e-01, 2.40227147936821e-01, 2.397526204586029e-01, 2.396885454654694e-01, 2.378146350383759e-01, 2.323934882879257e-01, 2.281789779663086e-01, 2.269964963197708e-01, 2.25999191403389e-01, 2.247609496116638e-01, 2.23663717508316e-01, 2.231187969446182e-01, 2.226052582263947e-01, 2.229980230331421e-01, 2.22483828663826e-01, 2.211079299449921e-01, 2.219744175672531e-01, 2.221704572439194e-01, 2.221091538667679e-01, 2.21743255853653e-01, 2.21193790435791e-01, 2.211890369653702e-01, 2.214153259992599e-01, 2.226283848285675e-01, 2.25079745054245e-01, 2.268621325492859e-01, 2.283517718315125e-01, -6.252539284934411e-12, -5.334264280287826e-12, -4.479848349919768e-12, -4.533270460405081e-12, -6.117924743198611e-12, -8.843769466748697e-12, -1.157346787850067e-11, -1.109124836244646e-12, 1.084468479644121e-14, 3.261203156482151e-12, 2.620316724016858e-12]
nor.vavHot.m_flow=[-0e+00, 2.186719121749503e-12, 3.018132185145239e-12, 4.995989733025397e-12, 6.730606089827562e-12, 5.424521075381161e-12, 4.877701107602883e-12, 6.629558447351915e-12, 7.837476327654525e-12, 8.527126921231698e-12, 8.163564442498217e-12, 6.792000122046726e-12, 4.869949221611023e-01, 4.984807372093201e-01, 4.997449517250061e-01, 5.00058650970459e-01, 4.991216063499451e-01, 4.899465441703796e-01, 4.678894579410553e-01, 4.543910026550293e-01, 4.505762159824371e-01, 4.475800395011902e-01, 4.445362687110901e-01, 4.413455426692963e-01, 4.381434619426727e-01, 4.356012344360352e-01, 4.360519647598267e-01, 4.350852072238922e-01, 4.299269914627075e-01, 4.28386777639389e-01, 4.277901947498322e-01, 4.275147616863251e-01, 4.274684190750122e-01, 4.27520215511322e-01, 4.275597333908081e-01, 4.2745640873909e-01, 4.290097653865814e-01, 4.339626431465149e-01, 4.396626949310303e-01, 4.466268420219421e-01, 6.525389169981244e-12, 2.387698762665313e-12, -1.850045453204857e-13, -2.416137819330477e-12, 1.423211456455173e-13, 6.105336288614316e-12, 5.714418955388156e-12, 4.53197722405374e-12, 4.145854666515181e-12, 2.738978314986706e-12, 3.23793270841366e-12, 2.418674418733224e-12, 2.226535145491426e-12, 4.139234094369115e-12, 8.729844104549134e-12, 3.543443750225745e-12, 3.584456733166091e-12, -1.001788170646662e-13, 6.794778281693503e-12, 8.174161868212959e-12, 1.834888144203184e-11, 3.091878749555965e-12, 4.670680463314056e-01, 4.655577540397644e-01, 4.636464416980743e-01, 4.627305865287781e-01, 4.626069068908691e-01, 4.589900970458984e-01, 4.480687081813811e-01, 4.400178194046021e-01, 4.378462731838226e-01, 4.359704852104187e-01, 4.336336255073547e-01, 4.315365254878998e-01, 4.30157870054245e-01, 4.283929467201233e-01, 4.285193681716919e-01, 4.262441098690033e-01, 4.194657206535339e-01, 4.203381240367889e-01, 4.217523336410522e-01, 4.223740994930267e-01, 4.214643239974976e-01, 4.184375703334808e-01, 4.157344400882721e-01, 4.142413139343262e-01, 4.177999198436737e-01, 4.286391139030457e-01, 4.362061619758606e-01, 4.40263956785202e-01, 1.188550993735937e-11, 1.15636484762649e-11, 1.207811801962055e-11, 1.875521266070379e-11, 1.975547850308068e-11, 9.339037355948765e-12, -8.297006311164257e-12, -3.717129035130107e-12, 3.485975614073156e-14, 4.317213253557384e-12, -1.52055815855201e-11]
wes.vavHot.m_flow=[0e+00, -5.897060183918112e-12, -5.875968548535448e-12, -6.316275627527013e-12, -6.072269857076984e-12, -5.680950935366136e-12, -3.884090531841577e-12, -3.255150489434034e-12, -3.881888734069694e-12, -3.845344615643898e-12, -5.089507808253568e-12, -4.664215194627452e-12, 2.869747281074524e-01, 2.936580181121826e-01, 2.943939566612244e-01, 2.945766150951385e-01, 2.940311133861542e-01, 2.88691759109497e-01, 2.758678197860718e-01, 2.680271565914154e-01, 2.658121287822723e-01, 2.640726566314697e-01, 2.623347043991089e-01, 2.606425285339355e-01, 2.588790953159332e-01, 2.573417127132416e-01, 2.57574200630188e-01, 2.569504976272583e-01, 2.53873348236084e-01, 2.529492378234863e-01, 2.525757551193237e-01, 2.523990273475647e-01, 2.523635923862457e-01, 2.523902356624603e-01, 2.524152994155884e-01, 2.523590326309204e-01, 2.532691359519958e-01, 2.561664581298828e-01, 2.595077455043793e-01, 2.636075913906097e-01, 6.662628782017066e-12, 4.51344950996857e-12, 2.16606680508713e-12, -1.070775277256172e-13, 1.238877842544076e-13, 2.613430522338533e-12, 7.516621006176116e-12, 5.848965409227525e-12, 3.743377569725981e-12, 2.238407592961011e-12, 1.769934459411315e-12, 2.452739183630981e-12, 3.675372506339869e-12, 4.101544191087436e-12, 2.179113660349952e-12, 4.225717269592809e-14, 2.902063138410258e-12, 2.758173030248417e-12, 3.142996930424746e-12, 5.540946174109607e-12, 1.391386224985913e-11, -1.493454340230349e-12, 2.753905057907104e-01, 2.745130360126495e-01, 2.734026610851288e-01, 2.728706300258636e-01, 2.727988064289093e-01, 2.706980109214783e-01, 2.645084261894226e-01, 2.597347497940063e-01, 2.584389746189117e-01, 2.5733482837677e-01, 2.559703588485718e-01, 2.547598481178284e-01, 2.541513442993164e-01, 2.535825967788696e-01, 2.54028856754303e-01, 2.53468245267868e-01, 2.516947686672211e-01, 2.527540624141693e-01, 2.531434297561646e-01, 2.530646622180939e-01, 2.526551783084869e-01, 2.519208490848541e-01, 2.515242695808411e-01, 2.506096959114075e-01, 2.50896543264389e-01, 2.56014496088028e-01, 2.58253276348114e-01, 2.598543465137482e-01, 6.117218277063019e-12, 6.983966790302665e-12, 8.01973851910498e-12, 9.275550813536704e-12, 7.388474380920496e-12, 1.486906301209623e-12, -4.063341243337737e-12, 7.328524722835517e-13, 6.391520461084292e-15, 1.745126178981371e-12, -5.434781964741564e-12]
cor.vavCol.m_flow=[6.816127479704864e-18, -1.186058955042479e-12, -8.98978645431231e-13, -5.360730522679935e-12, -6.155454184558762e-12, -9.120176835963889e-12, -4.380082668092866e-12, 9.799287032860597e-13, 2.459059431775268e-13, 1.916979379054662e-12, -2.219752376700357e-12, -4.98192329403957e-12, 2.778722643852234e-01, 1.627475321292877e-01, 1.50467649102211e-01, 1.474843174219131e-01, 1.569953262805939e-01, 2.509419322013861e-01, 5.444625020027161e-01, 8.102266788482666e-01, 8.955056667327881e-01, 9.623803496360779e-01, 1.004483222961426e+00, 1.019260883331299e+00, 1.015701770782471e+00, 1.009304642677307e+00, 9.977410435676575e-01, 9.974610209465027e-01, 9.9788761138916e-01, 9.864480495452881e-01, 9.848445653915405e-01, 9.881373047828674e-01, 9.950039982795715e-01, 1.00275719165802e+00, 1.009912252426147e+00, 1.013888597488403e+00, 1.025118112564087e+00, 1.026549935340881e+00, 1.003031253814697e+00, 9.251406192779541e-01, 1.682745609521419e-11, -3.005231263494834e-12, -2.163393422738302e-11, -4.497283621895942e-12, 8.038420189898643e-13, 1.308050889825552e-11, 1.009487111958141e-11, 6.365158834037432e-12, 2.286450109106886e-12, -1.363279389550442e-12, 1.037108224820338e-12, -1.41104792780733e-12, -6.299634750482619e-13, 5.645314944680013e-12, 1.64737546520799e-11, -3.620915416460692e-12, -9.478653078362081e-14, -1.675942891410346e-11, 3.646162365089634e-12, 8.377194771203023e-12, 6.193532492426712e-11, -1.116115012911312e-11, 5.54137647151947e-01, 5.817630887031555e-01, 6.174486875534058e-01, 6.34877622127533e-01, 6.373388171195984e-01, 7.083218693733215e-01, 9.333883523941057e-01, 1.064103841781616e+00, 1.069031000137329e+00, 1.065871357917786e+00, 1.05418586730957e+00, 1.040006041526794e+00, 1.030768871307373e+00, 1.022330522537231e+00, 1.012058615684509e+00, 1.003216862678528e+00, 1.012564182281494e+00, 1.041926980018616e+00, 1.052526712417603e+00, 1.056991815567017e+00, 1.052184224128723e+00, 1.041677355766296e+00, 1.04549252986908e+00, 1.054357290267944e+00, 1.075075507164001e+00, 1.073127388954163e+00, 1.042818903923035e+00, 9.966019988059998e-01, -6.890262665981695e-12, -4.226756531583442e-12, -1.614764908158123e-13, 1.355762984517339e-11, 1.139588770571187e-11, -1.188924306227968e-11, -4.590015520444801e-11, -4.930487008253381e-12, 9.040904418340656e-14, 1.287478457179247e-11, -1.886622455482545e-11]
sou.vavCol.m_flow=[-0e+00, 9.994299658699912e-12, 8.164862015658247e-12, -1.858002033477968e-12, -1.038334782738071e-11, -1.429246825057628e-11, -1.173149511562999e-11, -1.232448258031705e-11, -1.929813080170373e-11, -1.80128533616708e-11, -1.43883229983266e-11, -2.275505825433122e-11, 3.465302870608866e-05, 3.632618245319463e-05, 3.650910366559401e-05, 3.655418549897149e-05, 3.641637886175886e-05, 3.506783468765206e-05, 3.014956928382162e-05, 2.481832598277833e-05, 2.301567292306572e-05, 2.150491673091892e-05, 5.461410619318485e-03, 6.147066876292229e-02, 1.219924911856651e-01, 1.627027988433838e-01, 1.557539850473404e-01, 1.544463038444519e-01, 1.895691752433778e-01, 2.023895084857941e-01, 2.045722305774689e-01, 1.98215052485466e-01, 1.864700764417648e-01, 1.739908903837204e-01, 1.640820801258087e-01, 1.575948596000672e-01, 1.366904526948929e-01, 9.301269799470901e-02, 5.122114717960358e-02, 1.577578857541084e-02, -2.245906065290182e-11, -3.971944301239816e-11, -3.652760732775207e-11, -5.176261437707386e-13, 4.645173677132741e-13, 7.684724384615649e-12, -2.919823410829636e-11, -3.400303302814045e-11, -3.744673668371057e-11, -3.856521005318747e-11, -3.642545987059265e-11, -3.48210210665556e-11, -3.033857193246448e-11, -2.816836347507845e-11, -3.407898269136567e-11, -4.3617658096462e-11, -3.985607330281301e-11, -3.959481006954308e-11, -1.005961980382608e-11, -1.607903914180309e-11, -1.869333160486875e-11, -5.52319301405646e-11, 2.988723645103164e-05, 2.93648390652379e-05, 2.867022885766346e-05, 2.832538120856043e-05, 2.827758544299286e-05, 2.685326398932375e-05, 2.202127325290344e-05, 1.905417011585034e-04, 2.692381152883133e-03, 1.031831838190556e-02, 2.563219703733921e-02, 4.322803765535355e-02, 5.651414021849632e-02, 7.119052857160568e-02, 7.181435078382492e-02, 8.369314670562744e-02, 1.080603078007698e-01, 8.170464634895325e-02, 7.3027104139328e-02, 7.168545573949814e-02, 7.795698940753937e-02, 9.255117923021317e-02, 9.2852383852005e-02, 6.480646133422852e-02, 4.102069139480591e-02, 1.642393507063389e-02, 2.453790744766593e-03, 2.342359657632187e-04, -4.085912511109235e-11, -4.200922942843022e-11, -4.24250252983871e-11, -3.258087202806514e-11, -2.451757546984012e-11, -1.435704246460778e-11, -1.245090922724623e-11, -5.602399241137063e-14, 4.247819069690302e-14, -3.951076878866422e-12, 4.731518996048401e-12]
eas.vavCol.m_flow=[-0e+00, 4.894726551157857e-12, 5.163917470712986e-12, 3.023577915817199e-12, 4.091216081192339e-12, 3.172368834639117e-12, 4.539282578291948e-12, 8.692444333768817e-12, 1.227001399789485e-11, 1.275053240074042e-11, 7.866163449776753e-12, 1.045426072099342e-11, 2.468065031280275e-05, 2.587231028883252e-05, 2.600259176688269e-05, 2.603469874884468e-05, 2.593654971860815e-05, 2.497608511475845e-05, 2.147318446077406e-05, 1.76761532202363e-05, 2.457648952258751e-05, 2.847173716872931e-03, 2.7810113504529e-02, 2.848810702562332e-02, 3.009535558521748e-02, 3.686405718326569e-02, 3.410865366458893e-02, 3.755949437618256e-02, 6.215257942676548e-02, 6.898413598537445e-02, 6.957952678203583e-02, 6.929328292608261e-02, 6.879716366529465e-02, 6.890678405761719e-02, 6.819416582584381e-02, 6.92211017012596e-02, 5.873779579997063e-02, 3.181233257055283e-02, 9.807783178985119e-03, 4.963545361533761e-04, 1.185825656419004e-11, 5.756109998367176e-12, -1.504416383135698e-11, -2.395722726103444e-12, 3.477737032814981e-13, -2.746282151341872e-12, 4.642652148140192e-12, 9.086838920202567e-12, 1.194467007942235e-11, 1.379771730897206e-11, 1.668877362692722e-11, 1.096784642273807e-11, 5.703450298849555e-12, 9.696593354646676e-12, 2.920107211590306e-11, 1.895606414892278e-11, 1.331195310233503e-11, -6.936357304504223e-12, -8.095551139175594e-12, -5.7600708057437e-12, 3.971960260695795e-11, 2.045100373770925e-11, 2.128634514519945e-05, 2.091428359562997e-05, 2.041956395260058e-05, 2.01739549083868e-05, 2.013991434068885e-05, 1.912548214022536e-05, 1.568311017763348e-05, 2.275002421811175e-03, 9.33848973363631e-03, 1.77704356610775e-02, 3.219802677631378e-02, 4.711152240633965e-02, 5.320454388856888e-02, 5.890552699565887e-02, 5.581814050674438e-02, 6.392518430948257e-02, 8.244506269693375e-02, 6.791716068983078e-02, 6.185538321733475e-02, 6.075657531619072e-02, 6.505923718214035e-02, 7.346825301647186e-02, 7.241812348365784e-02, 7.870491594076157e-02, 6.066621467471123e-02, 2.406894229352474e-02, 9.130718186497688e-03, 3.12500586733222e-03, -2.084452922768154e-11, -1.778188360446187e-11, -1.493075801883847e-11, -1.509579787561943e-11, -2.037897281481627e-11, -2.948552513259983e-11, -3.861548233952128e-11, -3.702078574252532e-12, 3.623685891824581e-14, 1.088117096426089e-11, 8.714464913572861e-12]
nor.vavCol.m_flow=[-0e+00, 7.288737322030947e-12, 1.006088875404876e-11, 1.664794517519663e-11, 2.242930320639491e-11, 1.807033168932382e-11, 1.62543502962853e-11, 2.21024656910096e-11, 2.612762610432195e-11, 2.842944109293644e-11, 2.721193929910992e-11, 2.263421047810077e-11, 4.764801633427851e-05, 4.994859773432836e-05, 5.020011667511426e-05, 5.026210055802949e-05, 5.007261643186212e-05, 4.821837501367553e-05, 4.145578350289725e-05, 3.412534715607762e-05, 3.164670488331467e-05, 2.956842763524037e-05, 5.856835923623294e-05, 1.221039914526045e-03, 1.52742937207222e-02, 3.470372036099434e-02, 4.139279574155807e-02, 5.680618435144424e-02, 1.023957878351213e-01, 1.189358532428741e-01, 1.230186447501183e-01, 1.262379437685013e-01, 1.284253150224686e-01, 1.296177208423615e-01, 1.317023783922195e-01, 1.353409439325332e-01, 1.231210753321648e-01, 8.726520836353302e-02, 5.292345955967903e-02, 2.386157400906086e-02, 2.177617287879574e-11, 7.950842241533085e-12, -6.512064650542049e-13, -8.061920055146832e-12, 4.756937031780151e-13, 2.037480947847392e-11, 1.906241484106452e-11, 1.511380777474702e-11, 1.38199660049132e-11, 9.124042667230103e-12, 1.079114141794291e-11, 8.056787875743154e-12, 7.418222286448284e-12, 1.380419389906962e-11, 2.912289853718164e-11, 1.180208708539963e-11, 1.194449487235125e-11, -3.625025084793448e-13, 2.265835262471594e-11, 2.726322639867718e-11, 6.125806806256406e-11, 1.028408695008531e-11, 4.10950742661953e-05, 4.03767844545655e-05, 3.942169496440329e-05, 3.894752808264457e-05, 3.888180799549446e-05, 3.692337486427277e-05, 4.851351957768439e-03, 4.686838760971999e-02, 7.045995444059353e-02, 9.099510312080383e-02, 1.167591661214828e-01, 1.39631524682045e-01, 1.487201601266861e-01, 1.556402444839478e-01, 1.511538326740265e-01, 1.578540205955505e-01, 1.668806523084641e-01, 1.458079516887665e-01, 1.419283300638199e-01, 1.436269581317902e-01, 1.516594588756561e-01, 1.612828820943832e-01, 1.632141768932343e-01, 1.574306339025497e-01, 1.38563260436058e-01, 1.060044690966606e-01, 9.243669360876083e-02, 8.451232314109802e-02, 3.961300384935917e-11, 3.854348437637434e-11, 4.026431965620247e-11, 6.254645412706594e-11, 6.587872608543321e-11, 3.11178860457062e-11, -2.772866485034609e-11, -1.240006968633578e-11, 1.163484185297964e-13, 1.441098369109328e-11, -5.072367179059789e-11]
wes.vavCol.m_flow=[0e+00, -1.965705202777723e-11, -1.958630133080952e-11, -2.105733122592657e-11, -2.02443773550387e-11, -1.894306239647037e-11, -1.294964222658956e-11, -1.084823030017557e-11, -1.293806208002568e-11, -1.281453415602485e-11, -1.696498323766615e-11, -1.555071002523611e-11, 2.742296965152491e-05, 2.874703750421759e-05, 2.889179631893057e-05, 2.892747215810232e-05, 2.881841646740213e-05, 2.775123357423581e-05, 2.38591219385853e-05, 1.964019611477852e-05, 1.821365003706887e-05, 1.7017522623064e-05, 1.574548332428094e-05, 1.445132784283487e-05, 1.243291335413232e-04, 1.446909853257239e-03, 2.744479337707162e-03, 8.655044250190258e-03, 3.686624765396126e-02, 5.281320586800575e-02, 6.362443417310715e-02, 7.117002457380295e-02, 7.545770704746246e-02, 7.74199590086937e-02, 7.782349735498428e-02, 7.847729325294493e-02, 6.86529129743576e-02, 4.240391030907631e-02, 1.940466277301311e-02, 4.351230803877115e-03, 2.222308795318817e-11, 1.504014100761619e-11, 7.200351859887322e-12, -3.616069845901321e-13, 4.136991855856198e-13, 8.725074482351936e-12, 2.50636681548011e-11, 1.950070833978135e-11, 1.247818688654423e-11, 7.45797434226203e-12, 5.898653527430797e-12, 8.172658730321025e-12, 1.224919471409791e-11, 1.36757003291188e-11, 7.277199676192225e-12, 1.354566822208113e-13, 9.671421649648581e-12, 9.177466078758115e-12, 1.048189660068921e-11, 1.847904815277523e-11, 4.643431125717079e-11, -4.990941254029435e-12, 2.365151885896921e-05, 2.323811713722534e-05, 2.268842945341021e-05, 2.241553193016443e-05, 2.23777078645071e-05, 2.125056198565289e-05, 2.133269154001222e-04, 1.411323063075528e-02, 2.964244969189154e-02, 4.32586669921875e-02, 5.885158479213715e-02, 7.16920867562294e-02, 7.989693433046341e-02, 8.775579184293747e-02, 8.473235368728638e-02, 9.435828030109406e-02, 1.12566813826561e-01, 1.027581170201302e-01, 9.982065856456757e-02, 9.886358678340912e-02, 1.046366468071938e-01, 1.145699247717857e-01, 1.156202852725983e-01, 1.294983625411987e-01, 1.066753044724464e-01, 6.287919729948044e-02, 4.244111105799675e-02, 3.262465074658394e-02, 2.038765510581353e-11, 2.3278743516153e-11, 2.673473421810346e-11, 3.093525435815536e-11, 2.4643880686126e-11, 4.949319599989455e-12, -1.358590497047008e-11, 2.437289519513497e-12, 2.138997224514824e-14, 5.828758482817609e-12, -1.813805355910247e-11]
weaDat.weaBus.TDryBul=[2.609500122070312e+02, 2.608676452636719e+02, 2.609342651367188e+02, 2.61153564453125e+02, 2.614064331054688e+02, 2.616917419433594e+02, 2.619866027832031e+02, 2.621011047363281e+02, 2.620299682617188e+02, 2.62211181640625e+02, 2.625067138671875e+02, 2.625499877929688e+02, 2.625499877929688e+02, 2.625499877929688e+02, 2.625499877929688e+02, 2.625875549316406e+02, 2.628901062011719e+02, 2.632776489257812e+02, 2.637460632324219e+02, 2.6446923828125e+02, 2.655892028808594e+02, 2.665859985351562e+02, 2.674020080566406e+02, 2.682179870605469e+02, 2.690339965820312e+02, 2.698500061035156e+02, 2.704558715820312e+02, 2.709069213867188e+02, 2.715532531738281e+02, 2.720364685058594e+02, 2.720499877929688e+02, 2.720499877929688e+02, 2.720499877929688e+02, 2.720499877929688e+02, 2.720499877929688e+02, 2.720499877929688e+02, 2.719675598144531e+02, 2.716164855957031e+02, 2.713160400390625e+02, 2.71072998046875e+02, 2.710076599121094e+02, 2.717365112304688e+02, 2.720211181640625e+02, 2.716227111816406e+02, 2.714859924316406e+02, 2.718775329589844e+02, 2.7202783203125e+02, 2.717281494140625e+02, 2.714362182617188e+02, 2.714474182128906e+02, 2.714500122070312e+02, 2.704067077636719e+02, 2.692704162597656e+02, 2.696753845214844e+02, 2.703369750976562e+02, 2.701487121582031e+02, 2.698616027832031e+02, 2.69929931640625e+02, 2.702106018066406e+02, 2.708657531738281e+02, 2.718394165039062e+02, 2.721007690429688e+02, 2.720183410644531e+02, 2.721641845703125e+02, 2.724365844726562e+02, 2.725657043457031e+02, 2.72480224609375e+02, 2.7264599609375e+02, 2.729339904785156e+02, 2.732219848632812e+02, 2.73510009765625e+02, 2.738106079101562e+02, 2.744635620117188e+02, 2.748500061035156e+02, 2.748500061035156e+02, 2.748500061035156e+02, 2.748500061035156e+02, 2.748500061035156e+02, 2.742786560058594e+02, 2.732598266601562e+02, 2.727458801269531e+02, 2.725348205566406e+02, 2.729032287597656e+02, 2.736190795898438e+02, 2.73848876953125e+02, 2.738165588378906e+02, 2.734445495605469e+02, 2.726629028320312e+02, 2.727448425292969e+02, 2.734616394042969e+02, 2.738507690429688e+02, 2.740790100097656e+02, 2.743446655273438e+02, 2.746334838867188e+02, 2.749204406738281e+02, 2.751761474609375e+02, 2.753359069824219e+02, 2.740944213867188e+02, 2.731499938964844e+02, 2.731499938964844e+02, 2.731499938964844e+02]
weaDat.weaBus.HGloHor=[0e+00, 0e+00, 0e+00, 0e+00, 0e+00, 0e+00, 0e+00, 0e+00, 0e+00, 0e+00, 0e+00, 0e+00, 0e+00, 0e+00, 5.802299890384269e-16, 3.419684171676636e+00, 2.249310874938965e+01, 7.238067626953138e+01, 1.324998474121094e+02, 1.955897369384766e+02, 2.557314453125e+02, 3.044623718261719e+02, 3.458858337402344e+02, 3.703623657226562e+02, 3.628850402832031e+02, 2.981751403808594e+02, 2.322208404541016e+02, 2.079606781005859e+02, 1.835730590820311e+02, 1.543350830078125e+02, 1.243963775634766e+02, 9.180991363525391e+01, 5.740960693359375e+01, 2.763039588928223e+01, 8.266829490661578e+00, 2.312187433242813e+00, 2.066075056791306e-01, 0e+00, 0e+00, 0e+00, 0e+00, 0e+00, 0e+00, 0e+00, 0e+00, 0e+00, 0e+00, 0e+00, 0e+00, 0e+00, 0e+00, 0e+00, 0e+00, 0e+00, 0e+00, 0e+00, 0e+00, 0e+00, 0e+00, 0e+00, 0e+00, 0e+00, 0e+00, 0e+00, 4.964398443698883e-01, 4.345361709594727e+00, 1.150661659240723e+01, 2.939430809020996e+01, 5.460244750976594e+01, 9.662947845458947e+01, 1.262883834838866e+02, 1.288179473876953e+02, 1.350611572265625e+02, 1.572942962646484e+02, 1.765086517333984e+02, 1.851353454589844e+02, 1.861397705078125e+02, 1.800178680419922e+02, 1.679496307373047e+02, 1.502548217773438e+02, 1.274680023193359e+02, 9.702375793457031e+01, 6.269397354125977e+01, 3.512522506713867e+01, 1.464144802093506e+01, 4.900000095367432e+00, 4.839999973773956e-01, 0e+00, 0e+00, 0e+00, 0e+00, 0e+00, 0e+00, 0e+00, 0e+00, 0e+00, 0e+00, 0e+00, 0e+00, 0e+00, 0e+00]
weaDat.weaBus.HDifHor=[0e+00, 0e+00, 0e+00, 0e+00, 0e+00, 0e+00, 0e+00, 0e+00, 0e+00, 0e+00, 0e+00, 0e+00, 0e+00, 0e+00, 4.18344348669057e-01, 4.644347667694092e+00, 1.503497886657715e+01, 3.449338150024418e+01, 5.088907623291016e+01, 6.271455001831055e+01, 7.274771881103516e+01, 7.534196472167969e+01, 8.180593109130859e+01, 1.134208297729492e+02, 1.447617645263672e+02, 1.593369750976562e+02, 1.67761474609375e+02, 1.717010498046875e+02, 1.635293426513671e+02, 1.340671234130859e+02, 9.878334808349609e+01, 7.318860626220703e+01, 4.95115852355957e+01, 2.715276718139648e+01, 8.81437397003169e+00, 1.758235335350053e+00, 6.434352695941925e-02, 0e+00, 0e+00, 0e+00, 0e+00, 0e+00, 0e+00, 0e+00, 0e+00, 0e+00, 0e+00, 0e+00, 0e+00, 0e+00, 0e+00, 0e+00, 0e+00, 0e+00, 0e+00, 0e+00, 0e+00, 0e+00, 0e+00, 0e+00, 0e+00, 0e+00, 0e+00, 0e+00, 5.067480206489563e-01, 4.385499954223633e+00, 1.141065120697021e+01, 2.876775169372559e+01, 5.352061843872102e+01, 9.560803985595666e+01, 1.25285919189453e+02, 1.283971557617188e+02, 1.350645446777344e+02, 1.574091339111328e+02, 1.764910888671875e+02, 1.845002899169922e+02, 1.851361541748047e+02, 1.793896179199219e+02, 1.678938293457031e+02, 1.504030456542969e+02, 1.274956817626953e+02, 9.698798370361328e+01, 6.268984603881836e+01, 3.512522506713867e+01, 1.464144802093506e+01, 4.900000095367432e+00, 4.839999973773956e-01, 0e+00, 0e+00, 0e+00, 0e+00, 0e+00, 0e+00, 0e+00, 0e+00, 0e+00, 0e+00, 0e+00, 0e+00, 0e+00, 0e+00]
conEco.VOut_flow_min=[2.145179271697998e+00, 2.145179271697998e+00]
conEco.VOut_flow=[0e+00, 1.784750907063426e-07, 1.814511421116549e-07, 1.66387025046788e-07, 1.423168924929996e-07, 1.096685195989267e-07, 7.451159689253473e-08, 7.733623164085658e-08, 9.420972446605447e-08, 9.889738095125722e-08, 1.184287583555488e-07, 9.670288392271686e-08, 1.198768734931946e+00, 1.022237062454224e+00, 9.753970503807068e-01, 9.621075987815857e-01, 9.694892168045044e-01, 1.007483720779419e+00, 1.12001645565033e+00, 1.250431895256042e+00, 1.33512818813324e+00, 1.416684508323669e+00, 1.495816707611084e+00, 1.577947974205017e+00, 1.664635539054871e+00, 1.750937938690186e+00, 1.790954947471619e+00, 1.839801788330078e+00, 1.961359024047852e+00, 2.028300762176514e+00, 2.046549797058105e+00, 2.053795099258423e+00, 2.055555105209351e+00, 2.055170774459839e+00, 2.054818391799927e+00, 2.056445360183716e+00, 2.027806043624878e+00, 1.930124521255493e+00, 1.827904343605042e+00, 1.720949649810791e+00, 1.300091412304027e-07, 1.742469777354927e-07, 8.466231093962051e-08, 6.162721444269437e-09, 3.821944982718151e-10, 6.318833811747027e-08, 1.353547389726373e-07, 1.696485725233288e-07, 1.926162838117307e-07, 1.723388010077542e-07, 1.606532862297172e-07, 1.470935302450016e-07, 1.225209160793383e-07, 1.253420833791097e-07, 1.858477958194271e-07, 1.798440791844771e-07, 1.974012349137409e-07, 1.31296602035037e-07, 7.128668499944979e-08, 7.799683743314745e-08, 3.826854708677274e-07, 2.466468913553399e-07, 1.773084044456482e+00, 1.676947712898254e+00, 1.66252076625824e+00, 1.663009524345398e+00, 1.653374791145325e+00, 1.697680115699768e+00, 1.843724966049196e+00, 1.975156903266906e+00, 2.032711029052734e+00, 2.089054107666016e+00, 2.181490659713745e+00, 2.261512279510498e+00, 2.291617870330811e+00, 2.313976764678955e+00, 2.304158449172974e+00, 2.321899890899658e+00, 2.326023817062378e+00, 2.204731941223145e+00, 2.134602785110474e+00, 2.102409362792969e+00, 2.130898475646973e+00, 2.207006692886353e+00, 2.239980459213257e+00, 2.242101669311523e+00, 2.180131912231445e+00, 2.037838459014893e+00, 1.978090643882751e+00, 1.9864182472229e+00, 1.6470461616791e-07, 1.492345802489581e-07, 1.523354313803793e-07, 2.064501387621931e-07, 3.385263198651955e-07, 3.814888032138697e-07, 2.448962561629742e-07, 2.259530340609217e-08, -1.135935026597146e-10, 2.91285413567266e-08, 9.097686870518373e-08]
conEco.yOA=[0e+00, 0e+00, 0e+00, 0e+00, 0e+00, 0e+00, 0e+00, 0e+00, 0e+00, 0e+00, 0e+00, 0e+00, 6.377303600311279e-01, 6.127312779426575e-01, 6.053299903869629e-01, 6.032280921936035e-01, 6.039953231811523e-01, 6.054326295852661e-01, 6.063193082809448e-01, 6.0914146900177e-01, 6.160435676574707e-01, 6.234815716743469e-01, 6.303251385688782e-01, 6.376093029975891e-01, 6.456419229507446e-01, 6.545826196670532e-01, 6.625471115112305e-01, 6.690386533737183e-01, 6.78034782409668e-01, 6.864352822303772e-01, 6.882626414299011e-01, 6.889070868492126e-01, 6.891778111457825e-01, 6.893028616905212e-01, 6.893631815910339e-01, 6.893935799598694e-01, 6.883449554443359e-01, 6.83447003364563e-01, 6.789533495903015e-01, 6.755777597427368e-01, 0e+00, 0e+00, 0e+00, 0e+00, 0e+00, 0e+00, 0e+00, 0e+00, 0e+00, 0e+00, 0e+00, 0e+00, 0e+00, 0e+00, 0e+00, 0e+00, 0e+00, 0e+00, 0e+00, 0e+00, 0e+00, 0e+00, 7.520046830177307e-01, 7.151174545288086e-01, 7.057806849479675e-01, 7.034282684326172e-01, 7.005905508995056e-01, 7.020899653434753e-01, 7.065333127975464e-01, 7.123053669929504e-01, 7.190027832984923e-01, 7.265539169311523e-01, 7.427190542221069e-01, 7.575521469116211e-01, 7.621055841445923e-01, 7.643086314201355e-01, 7.653988599777222e-01, 7.659049034118652e-01, 7.519921660423279e-01, 7.252126336097717e-01, 7.097555994987488e-01, 7.022201418876648e-01, 7.060458660125732e-01, 7.195966243743896e-01, 7.273000478744507e-01, 7.287715673446655e-01, 7.223271131515503e-01, 7.067429423332214e-01, 7.047306895256042e-01, 7.166919708251953e-01, 0e+00, 0e+00, 0e+00, 0e+00, 0e+00, 0e+00, 0e+00, 0e+00, 0e+00, 0e+00, 0e+00]
conEco.yOATFre.y=[8.00000011920929e-01, 1e+00, 1e+00, 1e+00, 1e+00, 1e+00, 1e+00, 1e+00, 1e+00, 1e+00, 1e+00, 1e+00, 6.377303600311279e-01, 6.127312779426575e-01, 6.053299903869629e-01, 6.032280921936035e-01, 6.039953231811523e-01, 6.054326295852661e-01, 6.063193082809448e-01, 6.0914146900177e-01, 6.160435676574707e-01, 6.234815716743469e-01, 6.303251385688782e-01, 6.376093029975891e-01, 6.456419229507446e-01, 6.545826196670532e-01, 6.625471115112305e-01, 6.690386533737183e-01, 6.78034782409668e-01, 6.864352822303772e-01, 6.882626414299011e-01, 6.889070868492126e-01, 6.891778111457825e-01, 6.893028616905212e-01, 6.893631815910339e-01, 6.893935799598694e-01, 6.883449554443359e-01, 6.83447003364563e-01, 6.789533495903015e-01, 6.755777597427368e-01, 1e+00, 1e+00, 1e+00, 1e+00, 1e+00, 1e+00, 1e+00, 1e+00, 1e+00, 1e+00, 1e+00, 1e+00, 1e+00, 1e+00, 1e+00, 1e+00, 1e+00, 1e+00, 1e+00, 1e+00, 1e+00, 1e+00, 7.520046830177307e-01, 7.151174545288086e-01, 7.057806849479675e-01, 7.034282684326172e-01, 7.005905508995056e-01, 7.020899653434753e-01, 7.065333127975464e-01, 7.123053669929504e-01, 7.190027832984923e-01, 7.265539169311523e-01, 7.427190542221069e-01, 7.575521469116211e-01, 7.621055841445923e-01, 7.643086314201355e-01, 7.653988599777222e-01, 7.659049034118652e-01, 7.519921660423279e-01, 7.252126336097717e-01, 7.097555994987488e-01, 7.022201418876648e-01, 7.060458660125732e-01, 7.195966243743896e-01, 7.273000478744507e-01, 7.287715673446655e-01, 7.223271131515503e-01, 7.067429423332214e-01, 7.047306895256042e-01, 7.166919708251953e-01, 1e+00, 1e+00, 1e+00, 1e+00, 1e+00, 1e+00, 1e+00, 1e+00, 1e+00, 1e+00, 1e+00]
conEco.conV_flow.y=[5.000000074505806e-02, 1.219999864697456e-01, 1.939999908208847e-01, 2.65999972820282e-01, 3.379999697208405e-01, 4.099999666213989e-01, 4.819999635219574e-01, 5.53999960422516e-01, 6.259999871253967e-01, 6.979999542236328e-01, 7.699999809265137e-01, 8.419999480247498e-01, 8.700581789016724e-01, 9.096361398696899e-01, 9.493585824966432e-01, 9.891603589057922e-01, 1e+00, 1e+00, 1e+00, 1e+00, 1e+00, 1e+00, 1e+00, 1e+00, 1e+00, 1e+00, 1e+00, 1e+00, 1e+00, 1e+00, 1e+00, 1e+00, 1e+00, 1e+00, 1e+00, 1e+00, 1e+00, 1e+00, 1e+00, 1e+00, 1e+00, 1e+00, 1e+00, 1e+00, 1e+00, 1e+00, 1e+00, 1e+00, 1e+00, 1e+00, 1e+00, 1e+00, 1e+00, 1e+00, 1e+00, 1e+00, 1e+00, 1e+00, 1e+00, 1e+00, 1e+00, 1e+00, 1e+00, 1e+00, 1e+00, 1e+00, 1e+00, 1e+00, 1e+00, 1e+00, 1e+00, 1e+00, 9.988213777542114e-01, 9.941940307617188e-01, 9.890469908714294e-01, 9.832212924957275e-01, 9.783146381378174e-01, 9.722657203674316e-01, 9.652298092842102e-01, 9.640607833862305e-01, 9.64988648891449e-01, 9.667523503303528e-01, 9.672772884368896e-01, 9.646994471549988e-01, 9.611563682556152e-01, 9.578559398651123e-01, 9.566417336463928e-01, 9.612483978271484e-01, 9.675750732421875e-01, 9.728741049766541e-01, 1e+00, 1e+00, 1e+00, 1e+00, 1e+00, 1e+00, 1e+00, 1e+00, 1e+00, 1e+00, 1e+00]
conEco.uOATSup=[3.499999940395355e-01, 8.539661169052124e-01, 1e+00, 1e+00, 1e+00, 1e+00, 1e+00, 1e+00, 1e+00, 1e+00, 1e+00, 1e+00, 9.65387225151062e-02, 0e+00, 0e+00, 0e+00, 0e+00, 0e+00, 0e+00, 0e+00, 0e+00, 0e+00, 0e+00, 0e+00, 0e+00, 0e+00, 0e+00, 0e+00, 0e+00, 0e+00, 0e+00, 0e+00, 0e+00, 0e+00, 0e+00, 0e+00, 0e+00, 0e+00, 0e+00, 0e+00, 2.788210213184357e-01, 4.968593418598175e-01, 7.148975729942322e-01, 9.327707886695862e-01, 1e+00, 1e+00, 1e+00, 1e+00, 1e+00, 1e+00, 1e+00, 1e+00, 1e+00, 1e+00, 1e+00, 1e+00, 1e+00, 1e+00, 1e+00, 1e+00, 1e+00, 1e+00, 1.761229336261749e-01, 0e+00, 0e+00, 0e+00, 0e+00, 0e+00, 0e+00, 0e+00, 0e+00, 0e+00, 0e+00, 0e+00, 0e+00, 0e+00, 0e+00, 0e+00, 0e+00, 0e+00, 0e+00, 0e+00, 0e+00, 0e+00, 0e+00, 0e+00, 0e+00, 0e+00, 0e+00, 0e+00, 3.064450025558472e-01, 5.50086498260498e-01, 7.937279343605042e-01, 1e+00, 1e+00, 1e+00, 1e+00, 1e+00, 1e+00, 1e+00, 1e+00]
