last-generated=2022-04-07
statistics-initialization=
{
  "linear": "0, 0, 0, 0",
  "nonlinear": "0, 0, 0, 0",
  "numerical Jacobians": "0"
}
statistics-simulation=
{
  "linear": "0, 0, 0, 0, 0, 0, 0, 0, 0, 0",
  "nonlinear": "0, 0, 0, 0",
  "number of continuous time states": "30",
  "numerical Jacobians": "0"
}
time=[1.6848e+07, 1.728e+07]
flo.TAirCor=[2.751499938964844e+02, 2.968109741210938e+02, 2.969784851074219e+02, 2.9697998046875e+02, 2.969824829101562e+02, 2.975478210449219e+02, 2.981380615234375e+02, 2.985169372558594e+02, 2.988033447265625e+02, 2.989195861816406e+02, 2.988462829589844e+02, 2.988681030273438e+02, 2.988973083496094e+02, 2.989308471679688e+02, 2.988983154296875e+02, 2.989064025878906e+02, 2.989187316894531e+02, 2.987860717773438e+02, 2.988073425292969e+02, 2.988674621582031e+02, 2.988943481445312e+02, 2.987789306640625e+02, 2.987012329101562e+02, 2.987114868164062e+02, 2.986994323730469e+02, 2.988731384277344e+02, 2.989486083984375e+02, 2.989549560546875e+02, 2.989602966308594e+02, 2.989628295898438e+02, 2.989663391113281e+02, 2.989774169921875e+02, 2.989957885742188e+02, 2.990185546875e+02, 2.9904150390625e+02, 2.990823669433594e+02, 2.990930786132812e+02, 2.990815124511719e+02, 2.990875244140625e+02, 2.99094970703125e+02, 2.991499938964844e+02, 2.991499633789062e+02, 2.9914990234375e+02, 2.991499938964844e+02, 2.991499938964844e+02, 2.991499938964844e+02, 2.991543579101562e+02, 2.991510620117188e+02, 2.991500549316406e+02, 2.991499328613281e+02, 2.991499633789062e+02, 2.991507263183594e+02, 2.991504211425781e+02, 2.991500244140625e+02, 2.99150146484375e+02, 2.991500854492188e+02, 2.991485900878906e+02, 2.991497497558594e+02, 2.991499633789062e+02, 2.991500854492188e+02, 2.991500244140625e+02, 2.99149658203125e+02, 2.991498107910156e+02, 2.991499938964844e+02, 2.991500244140625e+02, 2.991499938964844e+02, 2.99156982421875e+02, 2.991510009765625e+02, 2.991500549316406e+02, 2.991499633789062e+02, 2.991499938964844e+02, 2.991506652832031e+02, 2.991503601074219e+02, 2.991500244140625e+02, 2.991501770019531e+02, 2.991500549316406e+02, 2.991483764648438e+02, 2.991495971679688e+02, 2.991499633789062e+02, 2.991500549316406e+02, 2.991500549316406e+02, 2.991495971679688e+02, 2.991497802734375e+02, 2.991498718261719e+02, 2.991500244140625e+02, 2.991499938964844e+02, 2.991584167480469e+02, 2.991509094238281e+02, 2.991500549316406e+02, 2.991499328613281e+02, 2.991499633789062e+02, 2.991505432128906e+02, 2.991503601074219e+02, 2.991500244140625e+02, 2.991501770019531e+02, 2.991500854492188e+02, 2.991486511230469e+02, 2.991498413085938e+02, 2.991499633789062e+02, 2.991500549316406e+02, 2.991500244140625e+02]
flo.TAirSou=[2.751499938964844e+02, 2.966683959960938e+02, 2.968203735351562e+02, 2.967810974121094e+02, 2.967566833496094e+02, 2.973287048339844e+02, 2.979941711425781e+02, 2.985897827148438e+02, 2.99095458984375e+02, 2.991501159667969e+02, 2.991510925292969e+02, 2.991513671875e+02, 2.991505432128906e+02, 2.991504516601562e+02, 2.991505737304688e+02, 2.991483459472656e+02, 2.991448974609375e+02, 2.988594055175781e+02, 2.98893310546875e+02, 2.989987182617188e+02, 2.990459289550781e+02, 2.987567749023438e+02, 2.986475219726562e+02, 2.987055969238281e+02, 2.986755676269531e+02, 2.989543762207031e+02, 2.991524047851562e+02, 2.991511535644531e+02, 2.991504516601562e+02, 2.991499633789062e+02, 2.991500549316406e+02, 2.991502075195312e+02, 2.991492309570312e+02, 2.991498413085938e+02, 2.991500549316406e+02, 2.991498718261719e+02, 2.991481323242188e+02, 2.9914990234375e+02, 2.991488647460938e+02, 2.991499328613281e+02, 2.9914990234375e+02, 2.991492614746094e+02, 2.991493225097656e+02, 2.991498718261719e+02, 2.991498718261719e+02, 2.99150390625e+02, 2.991621704101562e+02, 2.991510314941406e+02, 2.99151123046875e+02, 2.991498107910156e+02, 2.991498718261719e+02, 2.991488342285156e+02, 2.991495361328125e+02, 2.991498107910156e+02, 2.991517639160156e+02, 2.991499938964844e+02, 2.991451416015625e+02, 2.991495056152344e+02, 2.99149169921875e+02, 2.991501159667969e+02, 2.991499633789062e+02, 2.991488037109375e+02, 2.991495666503906e+02, 2.991498413085938e+02, 2.991499633789062e+02, 2.991502685546875e+02, 2.991614379882812e+02, 2.991521911621094e+02, 2.991506958007812e+02, 2.991497497558594e+02, 2.9914990234375e+02, 2.991495056152344e+02, 2.991490173339844e+02, 2.991516723632812e+02, 2.9914990234375e+02, 2.991490783691406e+02, 2.991443786621094e+02, 2.991490478515625e+02, 2.991494445800781e+02, 2.991499938964844e+02, 2.991499938964844e+02, 2.991484680175781e+02, 2.991495056152344e+02, 2.991495666503906e+02, 2.991498718261719e+02, 2.991503295898438e+02, 2.991605529785156e+02, 2.991528930664062e+02, 2.991507568359375e+02, 2.991500244140625e+02, 2.991512756347656e+02, 2.991497192382812e+02, 2.991521301269531e+02, 2.9914697265625e+02, 2.991497192382812e+02, 2.991499938964844e+02, 2.9914453125e+02, 2.991492004394531e+02, 2.991497802734375e+02, 2.99150146484375e+02, 2.991499938964844e+02]
flo.TAirNor=[2.751499938964844e+02, 2.966736755371094e+02, 2.968296508789062e+02, 2.967986145019531e+02, 2.968218078613281e+02, 2.9749658203125e+02, 2.980355834960938e+02, 2.985644836425781e+02, 2.989975891113281e+02, 2.991502380371094e+02, 2.991502685546875e+02, 2.991512756347656e+02, 2.991505432128906e+02, 2.991502685546875e+02, 2.991499938964844e+02, 2.991495971679688e+02, 2.991471252441406e+02, 2.987692260742188e+02, 2.988092346191406e+02, 2.989314575195312e+02, 2.989887390136719e+02, 2.987058410644531e+02, 2.986161193847656e+02, 2.986664428710938e+02, 2.987209167480469e+02, 2.990946655273438e+02, 2.991515197753906e+02, 2.991510314941406e+02, 2.991502990722656e+02, 2.991501159667969e+02, 2.991500854492188e+02, 2.991512756347656e+02, 2.991505126953125e+02, 2.9914990234375e+02, 2.991499938964844e+02, 2.991497802734375e+02, 2.991432189941406e+02, 2.991493530273438e+02, 2.991497497558594e+02, 2.991499328613281e+02, 2.9914990234375e+02, 2.991494140625e+02, 2.991494445800781e+02, 2.991498718261719e+02, 2.991498107910156e+02, 2.99150390625e+02, 2.991608276367188e+02, 2.991525573730469e+02, 2.991502075195312e+02, 2.991499633789062e+02, 2.991499633789062e+02, 2.991509704589844e+02, 2.991509399414062e+02, 2.991498718261719e+02, 2.99150146484375e+02, 2.991499633789062e+02, 2.9914404296875e+02, 2.991495666503906e+02, 2.991492004394531e+02, 2.991500854492188e+02, 2.991499633789062e+02, 2.9914892578125e+02, 2.991495971679688e+02, 2.991498413085938e+02, 2.991498413085938e+02, 2.991502380371094e+02, 2.991603393554688e+02, 2.991520385742188e+02, 2.991505126953125e+02, 2.991499938964844e+02, 2.991499938964844e+02, 2.991510620117188e+02, 2.991504821777344e+02, 2.991502380371094e+02, 2.991498413085938e+02, 2.9914990234375e+02, 2.991423950195312e+02, 2.991490783691406e+02, 2.991494750976562e+02, 2.991499633789062e+02, 2.991499633789062e+02, 2.991486511230469e+02, 2.991495666503906e+02, 2.991495971679688e+02, 2.991497192382812e+02, 2.991502990722656e+02, 2.991595153808594e+02, 2.9915234375e+02, 2.99150390625e+02, 2.991501159667969e+02, 2.991499938964844e+02, 2.991507568359375e+02, 2.991509399414062e+02, 2.991497497558594e+02, 2.991500244140625e+02, 2.991499633789062e+02, 2.9914501953125e+02, 2.991492919921875e+02, 2.991498107910156e+02, 2.99150146484375e+02, 2.991499938964844e+02]
flo.TAirEas=[2.751499938964844e+02, 2.96730224609375e+02, 2.967800598144531e+02, 2.967854309082031e+02, 2.969378356933594e+02, 2.980593566894531e+02, 2.987922973632812e+02, 2.991529235839844e+02, 2.991516418457031e+02, 2.991506042480469e+02, 2.991502685546875e+02, 2.991510620117188e+02, 2.991504821777344e+02, 2.991502380371094e+02, 2.991500244140625e+02, 2.991495971679688e+02, 2.991466064453125e+02, 2.990097045898438e+02, 2.990575256347656e+02, 2.991474304199219e+02, 2.991497192382812e+02, 2.989419555664062e+02, 2.988448486328125e+02, 2.988758850097656e+02, 2.989669189453125e+02, 2.991502075195312e+02, 2.991602172851562e+02, 2.991514587402344e+02, 2.991493835449219e+02, 2.991507263183594e+02, 2.991501159667969e+02, 2.991511840820312e+02, 2.991502380371094e+02, 2.991498107910156e+02, 2.991502075195312e+02, 2.991498718261719e+02, 2.991482238769531e+02, 2.991492309570312e+02, 2.991497497558594e+02, 2.991499328613281e+02, 2.9914990234375e+02, 2.991490478515625e+02, 2.991491394042969e+02, 2.991498413085938e+02, 2.99149658203125e+02, 2.991499938964844e+02, 2.99177978515625e+02, 2.991544189453125e+02, 2.99149658203125e+02, 2.991508483886719e+02, 2.991499938964844e+02, 2.99150634765625e+02, 2.991506652832031e+02, 2.991498107910156e+02, 2.991502075195312e+02, 2.991499938964844e+02, 2.991452331542969e+02, 2.991494140625e+02, 2.99149169921875e+02, 2.99150146484375e+02, 2.991499633789062e+02, 2.991486206054688e+02, 2.991494445800781e+02, 2.991498107910156e+02, 2.99149658203125e+02, 2.991497802734375e+02, 2.991752624511719e+02, 2.991534118652344e+02, 2.991498718261719e+02, 2.991509704589844e+02, 2.991500244140625e+02, 2.991507873535156e+02, 2.99150146484375e+02, 2.991501770019531e+02, 2.991499328613281e+02, 2.991499633789062e+02, 2.991452331542969e+02, 2.9914892578125e+02, 2.991494445800781e+02, 2.991499938964844e+02, 2.991500244140625e+02, 2.991483154296875e+02, 2.991494140625e+02, 2.991495056152344e+02, 2.991495361328125e+02, 2.991497497558594e+02, 2.991655883789062e+02, 2.991505432128906e+02, 2.991501159667969e+02, 2.991506042480469e+02, 2.991500244140625e+02, 2.991504211425781e+02, 2.991507263183594e+02, 2.991497192382812e+02, 2.991501159667969e+02, 2.991499938964844e+02, 2.9914453125e+02, 2.991493835449219e+02, 2.991497802734375e+02, 2.991501770019531e+02, 2.991499938964844e+02]
flo.TAirWes=[2.751499938964844e+02, 2.969516296386719e+02, 2.971339416503906e+02, 2.970965881347656e+02, 2.970581970214844e+02, 2.975747985839844e+02, 2.981943969726562e+02, 2.9874462890625e+02, 2.991542053222656e+02, 2.991502075195312e+02, 2.991502685546875e+02, 2.991557006835938e+02, 2.991547241210938e+02, 2.991502075195312e+02, 2.991504211425781e+02, 2.991496887207031e+02, 2.991460571289062e+02, 2.990647277832031e+02, 2.9909130859375e+02, 2.991503295898438e+02, 2.991497802734375e+02, 2.989784240722656e+02, 2.988842468261719e+02, 2.989137573242188e+02, 2.988800964355469e+02, 2.990800476074219e+02, 2.991522216796875e+02, 2.991520080566406e+02, 2.99150634765625e+02, 2.991492309570312e+02, 2.991505126953125e+02, 2.991589660644531e+02, 2.991561584472656e+02, 2.99151123046875e+02, 2.991487121582031e+02, 2.991495666503906e+02, 2.991297302246094e+02, 2.991486206054688e+02, 2.991500549316406e+02, 2.991498107910156e+02, 2.9914990234375e+02, 2.9914892578125e+02, 2.991490478515625e+02, 2.991498413085938e+02, 2.9914990234375e+02, 2.991504211425781e+02, 2.991617126464844e+02, 2.991557922363281e+02, 2.991478271484375e+02, 2.991505432128906e+02, 2.991503295898438e+02, 2.991586608886719e+02, 2.991596374511719e+02, 2.991502075195312e+02, 2.991483764648438e+02, 2.991496276855469e+02, 2.991377868652344e+02, 2.991492004394531e+02, 2.99149169921875e+02, 2.99150146484375e+02, 2.991499633789062e+02, 2.991485290527344e+02, 2.991492919921875e+02, 2.991497192382812e+02, 2.991502990722656e+02, 2.99150390625e+02, 2.991613159179688e+02, 2.991529846191406e+02, 2.99150634765625e+02, 2.991487426757812e+02, 2.991500244140625e+02, 2.99160888671875e+02, 2.99158203125e+02, 2.991499633789062e+02, 2.991501159667969e+02, 2.991494445800781e+02, 2.991332702636719e+02, 2.991483154296875e+02, 2.99148681640625e+02, 2.99150146484375e+02, 2.991499328613281e+02, 2.991482238769531e+02, 2.991493225097656e+02, 2.991494750976562e+02, 2.991495666503906e+02, 2.991504821777344e+02, 2.991604614257812e+02, 2.991525573730469e+02, 2.991533508300781e+02, 2.991500854492188e+02, 2.991499938964844e+02, 2.991571044921875e+02, 2.991586303710938e+02, 2.991497802734375e+02, 2.991495056152344e+02, 2.9914990234375e+02, 2.991405029296875e+02, 2.991491088867188e+02, 2.991497802734375e+02, 2.991502075195312e+02, 2.991500244140625e+02]
hea[1].conPID.y=[1e+00, 0e+00, 0e+00, 0e+00, 0e+00, 0e+00, 0e+00, 0e+00, 0e+00, 0e+00, 0e+00, 0e+00, 0e+00, 0e+00, 0e+00, 0e+00, 0e+00, 0e+00, 0e+00, 0e+00, 0e+00, 0e+00, 0e+00, 0e+00, 0e+00, 0e+00, 0e+00, 0e+00, 0e+00, 0e+00, 0e+00, 0e+00, 0e+00, 0e+00, 0e+00, 0e+00, 0e+00, 0e+00, 0e+00, 0e+00, 0e+00, 0e+00, 0e+00, 0e+00, 0e+00, 0e+00, 0e+00, 0e+00, 0e+00, 0e+00, 0e+00, 0e+00, 0e+00, 0e+00, 0e+00, 0e+00, 0e+00, 0e+00, 0e+00, 0e+00, 0e+00, 0e+00, 0e+00, 0e+00, 0e+00, 0e+00, 0e+00, 0e+00, 0e+00, 0e+00, 0e+00, 0e+00, 0e+00, 0e+00, 0e+00, 0e+00, 0e+00, 0e+00, 0e+00, 0e+00, 0e+00, 0e+00, 0e+00, 0e+00, 0e+00, 0e+00, 0e+00, 0e+00, 0e+00, 0e+00, 0e+00, 0e+00, 0e+00, 0e+00, 0e+00, 0e+00, 0e+00, 0e+00, 0e+00, 0e+00, 0e+00]
hea[2].conPID.y=[1e+00, 0e+00, 0e+00, 0e+00, 0e+00, 0e+00, 0e+00, 0e+00, 0e+00, 0e+00, 0e+00, 0e+00, 0e+00, 0e+00, 0e+00, 0e+00, 0e+00, 0e+00, 0e+00, 0e+00, 0e+00, 0e+00, 0e+00, 0e+00, 0e+00, 0e+00, 0e+00, 0e+00, 0e+00, 0e+00, 0e+00, 0e+00, 0e+00, 0e+00, 0e+00, 0e+00, 0e+00, 0e+00, 0e+00, 0e+00, 0e+00, 0e+00, 0e+00, 0e+00, 0e+00, 0e+00, 0e+00, 0e+00, 0e+00, 0e+00, 0e+00, 0e+00, 0e+00, 0e+00, 0e+00, 0e+00, 0e+00, 0e+00, 0e+00, 0e+00, 0e+00, 0e+00, 0e+00, 0e+00, 0e+00, 0e+00, 0e+00, 0e+00, 0e+00, 0e+00, 0e+00, 0e+00, 0e+00, 0e+00, 0e+00, 0e+00, 0e+00, 0e+00, 0e+00, 0e+00, 0e+00, 0e+00, 0e+00, 0e+00, 0e+00, 0e+00, 0e+00, 0e+00, 0e+00, 0e+00, 0e+00, 0e+00, 0e+00, 0e+00, 0e+00, 0e+00, 0e+00, 0e+00, 0e+00, 0e+00, 0e+00]
hea[3].conPID.y=[1e+00, 0e+00, 0e+00, 0e+00, 0e+00, 0e+00, 0e+00, 0e+00, 0e+00, 0e+00, 0e+00, 0e+00, 0e+00, 0e+00, 0e+00, 0e+00, 0e+00, 0e+00, 0e+00, 0e+00, 0e+00, 0e+00, 0e+00, 0e+00, 0e+00, 0e+00, 0e+00, 0e+00, 0e+00, 0e+00, 0e+00, 0e+00, 0e+00, 0e+00, 0e+00, 0e+00, 0e+00, 0e+00, 0e+00, 0e+00, 0e+00, 0e+00, 0e+00, 0e+00, 0e+00, 0e+00, 0e+00, 0e+00, 0e+00, 0e+00, 0e+00, 0e+00, 0e+00, 0e+00, 0e+00, 0e+00, 0e+00, 0e+00, 0e+00, 0e+00, 0e+00, 0e+00, 0e+00, 0e+00, 0e+00, 0e+00, 0e+00, 0e+00, 0e+00, 0e+00, 0e+00, 0e+00, 0e+00, 0e+00, 0e+00, 0e+00, 0e+00, 0e+00, 0e+00, 0e+00, 0e+00, 0e+00, 0e+00, 0e+00, 0e+00, 0e+00, 0e+00, 0e+00, 0e+00, 0e+00, 0e+00, 0e+00, 0e+00, 0e+00, 0e+00, 0e+00, 0e+00, 0e+00, 0e+00, 0e+00, 0e+00]
hea[4].conPID.y=[1e+00, 0e+00, 0e+00, 0e+00, 0e+00, 0e+00, 0e+00, 0e+00, 0e+00, 0e+00, 0e+00, 0e+00, 0e+00, 0e+00, 0e+00, 0e+00, 0e+00, 0e+00, 0e+00, 0e+00, 0e+00, 0e+00, 0e+00, 0e+00, 0e+00, 0e+00, 0e+00, 0e+00, 0e+00, 0e+00, 0e+00, 0e+00, 0e+00, 0e+00, 0e+00, 0e+00, 0e+00, 0e+00, 0e+00, 0e+00, 0e+00, 0e+00, 0e+00, 0e+00, 0e+00, 0e+00, 0e+00, 0e+00, 0e+00, 0e+00, 0e+00, 0e+00, 0e+00, 0e+00, 0e+00, 0e+00, 0e+00, 0e+00, 0e+00, 0e+00, 0e+00, 0e+00, 0e+00, 0e+00, 0e+00, 0e+00, 0e+00, 0e+00, 0e+00, 0e+00, 0e+00, 0e+00, 0e+00, 0e+00, 0e+00, 0e+00, 0e+00, 0e+00, 0e+00, 0e+00, 0e+00, 0e+00, 0e+00, 0e+00, 0e+00, 0e+00, 0e+00, 0e+00, 0e+00, 0e+00, 0e+00, 0e+00, 0e+00, 0e+00, 0e+00, 0e+00, 0e+00, 0e+00, 0e+00, 0e+00, 0e+00]
hea[5].conPID.y=[1e+00, 0e+00, 0e+00, 0e+00, 0e+00, 0e+00, 0e+00, 0e+00, 0e+00, 0e+00, 0e+00, 0e+00, 0e+00, 0e+00, 0e+00, 0e+00, 0e+00, 0e+00, 0e+00, 0e+00, 0e+00, 0e+00, 0e+00, 0e+00, 0e+00, 0e+00, 0e+00, 0e+00, 0e+00, 0e+00, 0e+00, 0e+00, 0e+00, 0e+00, 0e+00, 0e+00, 0e+00, 0e+00, 0e+00, 0e+00, 0e+00, 0e+00, 0e+00, 0e+00, 0e+00, 0e+00, 0e+00, 0e+00, 0e+00, 0e+00, 0e+00, 0e+00, 0e+00, 0e+00, 0e+00, 0e+00, 0e+00, 0e+00, 0e+00, 0e+00, 0e+00, 0e+00, 0e+00, 0e+00, 0e+00, 0e+00, 0e+00, 0e+00, 0e+00, 0e+00, 0e+00, 0e+00, 0e+00, 0e+00, 0e+00, 0e+00, 0e+00, 0e+00, 0e+00, 0e+00, 0e+00, 0e+00, 0e+00, 0e+00, 0e+00, 0e+00, 0e+00, 0e+00, 0e+00, 0e+00, 0e+00, 0e+00, 0e+00, 0e+00, 0e+00, 0e+00, 0e+00, 0e+00, 0e+00, 0e+00, 0e+00]
flo.sou.heaPorAir.Q_flow=[7.9415e+03, 0e+00, 0e+00, 0e+00, 0e+00, 0e+00, 0e+00, 0e+00, 0e+00, -4.323122253417969e+02, -5.893919677734375e+02, -7.24407958984375e+02, -9.050211181640625e+02, -9.711045532226562e+02, -9.62757568359375e+02, -4.454413146972656e+02, -1.955687713623047e+02, 0e+00, 0e+00, 0e+00, 0e+00, 0e+00, 0e+00, 0e+00, 0e+00, 0e+00, -6.371561431884766e+01, -2.543651580810547e+02, -4.667140808105469e+02, -7.257904052734375e+02, -9.101060180664062e+02, -1.013595886230469e+03, -9.648943481445312e+02, -8.720864868164062e+02, -8.567362060546875e+02, -7.462625122070312e+02, -5.703162231445312e+02, -4.735354309082031e+02, -3.935277404785156e+02, -3.161427612304688e+02, -3.097522888183594e+02, -2.424077911376953e+02, -1.745890045166016e+02, -1.083579559326172e+02, -7.206967163085938e+01, -2.30836181640625e+02, -1.400409790039062e+03, -1.89877197265625e+03, -2.222990966796875e+03, -2.5451494140625e+03, -2.9257236328125e+03, -2.9072109375e+03, -2.838521728515625e+03, -2.777787353515625e+03, -2.21698291015625e+03, -1.424361450195312e+03, -1.132310180664062e+03, -9.433390502929688e+02, -7.598247680664062e+02, -5.924520874023438e+02, -5.110768737792969e+02, -4.11658935546875e+02, -3.262254638671875e+02, -2.536331024169922e+02, -1.970217742919922e+02, -3.559506530761719e+02, -1.482776977539062e+03, -1.929120361328125e+03, -2.24965283203125e+03, -2.5982958984375e+03, -2.657474609375e+03, -2.9099267578125e+03, -2.829927978515625e+03, -2.964374755859375e+03, -2.254464111328125e+03, -1.707925170898438e+03, -1.145314697265625e+03, -9.604569091796875e+02, -7.8910888671875e+02, -6.539390258789062e+02, -5.450045776367188e+02, -4.353489379882812e+02, -3.199450988769531e+02, -2.479179534912109e+02, -2.005154266357422e+02, -3.378773803710938e+02, -1.51623193359375e+03, -1.928674438476562e+03, -2.307086181640625e+03, -2.63742431640625e+03, -2.804316650390625e+03, -3.3344677734375e+03, -3.511212158203125e+03, -3.1986689453125e+03, -2.030430786132812e+03, -1.46202099609375e+03, -1.09522607421875e+03, -7.53446044921875e+02, -6.041302490234375e+02, -4.997171936035156e+02, -4.452777099609375e+02]
flo.eas.heaPorAir.Q_flow=[4.711e+03, 0e+00, 0e+00, 0e+00, 0e+00, 0e+00, 0e+00, -7.452146148681641e+01, -4.404309387207031e+02, -3.928093872070312e+02, -2.897148742675781e+02, -3.661887817382812e+02, -4.103507995605469e+02, -4.307677917480469e+02, -3.412830505371094e+02, -2.119350891113281e+02, -1.356246795654297e+02, 0e+00, 0e+00, 0e+00, -2.080115699768066e+01, 0e+00, 0e+00, 0e+00, 0e+00, -4.677313232421875e+02, -1.126126831054688e+03, -1.379247314453125e+03, -1.156581665039062e+03, -7.181858520507812e+02, -6.460908203125e+02, -6.996680908203125e+02, -7.401124267578125e+02, -6.941555786132812e+02, -6.542025756835938e+02, -5.738590698242188e+02, -4.806621704101562e+02, -4.092755126953125e+02, -3.517864990234375e+02, -3.082001647949219e+02, -2.980812377929688e+02, -2.501247406005859e+02, -1.993545684814453e+02, -1.509978179931641e+02, -1.59952392578125e+02, -4.370841369628906e+02, -1.634942504882812e+03, -2.19761474609375e+03, -2.139453857421875e+03, -1.756446899414062e+03, -1.621314819335938e+03, -1.776892578125e+03, -1.814289794921875e+03, -1.79571240234375e+03, -1.300161865234375e+03, -9.636975708007812e+02, -7.974645385742188e+02, -6.810628662109375e+02, -5.65408447265625e+02, -4.594669494628906e+02, -4.037754516601562e+02, -3.373472900390625e+02, -2.794485473632812e+02, -2.297278289794922e+02, -2.332959289550781e+02, -5.655564575195312e+02, -1.799759887695312e+03, -2.307077880859375e+03, -2.220608642578125e+03, -1.790459838867188e+03, -1.614369995117188e+03, -1.76222412109375e+03, -1.781123291015625e+03, -1.7864091796875e+03, -1.282412353515625e+03, -9.954382934570312e+02, -7.96529296875e+02, -6.883218994140625e+02, -5.805758666992188e+02, -4.925723876953125e+02, -4.21120849609375e+02, -3.491517333984375e+02, -2.741687927246094e+02, -2.248956909179688e+02, -2.382864379882812e+02, -6.042247924804688e+02, -1.739825805664062e+03, -1.875469482421875e+03, -1.867450927734375e+03, -1.769010009765625e+03, -1.611676879882812e+03, -1.77516259765625e+03, -1.837719360351562e+03, -1.7955107421875e+03, -1.293755859375e+03, -9.773533325195312e+02, -7.626506958007812e+02, -5.450977783203125e+02, -4.622326965332031e+02, -3.936455078125e+02, -3.549692077636719e+02]
flo.nor.heaPorAir.Q_flow=[7.9415e+03, 0e+00, 0e+00, 0e+00, 0e+00, 0e+00, 0e+00, 0e+00, 0e+00, -1.763155059814453e+02, -1.077938842773438e+02, -2.696646118164062e+02, -3.602534484863281e+02, -4.206242370605469e+02, -2.934561157226562e+02, -1.053036270141602e+02, -3.262615442276001e+00, 0e+00, 0e+00, 0e+00, 0e+00, 0e+00, 0e+00, 0e+00, 0e+00, 0e+00, -5.121694946289062e+01, -2.104120025634766e+02, -3.4229541015625e+02, -4.069671630859375e+02, -4.725153503417969e+02, -5.835518188476562e+02, -6.75682373046875e+02, -6.669021606445312e+02, -6.728643798828125e+02, -7.313506469726562e+02, -5.131222534179688e+02, -3.864457702636719e+02, -3.129472961425781e+02, -2.645576477050781e+02, -2.706192016601562e+02, -2.171970977783203e+02, -1.560891265869141e+02, -9.808777618408203e+01, -8.954389953613281e+01, -2.730590515136719e+02, -1.3377216796875e+03, -1.807312622070312e+03, -2.037307373046875e+03, -2.1702783203125e+03, -2.1230244140625e+03, -2.413431640625e+03, -2.505880615234375e+03, -2.5315390625e+03, -1.770698486328125e+03, -1.335932983398438e+03, -1.037560913085938e+03, -8.59029541015625e+02, -6.91296142578125e+02, -5.396443481445312e+02, -4.673964233398438e+02, -3.784606323242188e+02, -3.006083374023438e+02, -2.344923706054688e+02, -2.1235400390625e+02, -4.170919189453125e+02, -1.43564697265625e+03, -1.844349731445312e+03, -2.07277392578125e+03, -2.20295361328125e+03, -2.1103095703125e+03, -2.389477783203125e+03, -2.45502099609375e+03, -2.520766357421875e+03, -1.75253857421875e+03, -1.427714111328125e+03, -1.052987548828125e+03, -8.7252197265625e+02, -7.152332763671875e+02, -5.930618286132812e+02, -4.939447326660156e+02, -3.964602966308594e+02, -2.910668640136719e+02, -2.258529815673828e+02, -2.157272186279297e+02, -4.115370483398438e+02, -1.46849072265625e+03, -1.839616455078125e+03, -2.13953955078125e+03, -2.342902099609375e+03, -2.191918212890625e+03, -2.485217529296875e+03, -2.614654052734375e+03, -2.597717529296875e+03, -1.82096435546875e+03, -1.34264892578125e+03, -1.001939392089844e+03, -6.88446533203125e+02, -5.5445849609375e+02, -4.60693603515625e+02, -4.135571594238281e+02]
flo.wes.heaPorAir.Q_flow=[4.711e+03, 0e+00, 0e+00, 0e+00, 0e+00, 0e+00, 0e+00, 0e+00, -3.294168090820312e+01, -2.276178588867188e+02, -1.935738220214844e+02, -3.269828491210938e+02, -6.718552856445312e+02, -1.01626904296875e+03, -5.686568603515625e+02, -2.668022766113281e+02, -1.639639129638672e+02, 0e+00, 0e+00, -1.942733001708984e+01, -4.200621795654297e+01, 0e+00, 0e+00, 0e+00, 0e+00, 0e+00, -9.691792297363281e+01, -2.879493713378906e+02, -4.707167663574219e+02, -4.517832336425781e+02, -5.93869140625e+02, -7.6706298828125e+02, -1.232033813476562e+03, -1.701798461914062e+03, -1.769794677734375e+03, -1.4585029296875e+03, -6.931878051757812e+02, -4.968367614746094e+02, -4.292132568359375e+02, -4.059924926757812e+02, -3.723178405761719e+02, -3.198715209960938e+02, -2.63581298828125e+02, -2.095998687744141e+02, -1.755808258056641e+02, -2.605193176269531e+02, -9.31039306640625e+02, -1.313043701171875e+03, -1.516247924804688e+03, -1.589473266601562e+03, -1.537932250976562e+03, -1.86993359375e+03, -2.45186865234375e+03, -2.900991455078125e+03, -2.156859130859375e+03, -1.569164306640625e+03, -1.016613037109375e+03, -7.429482421875e+02, -6.217435302734375e+02, -5.139292602539062e+02, -4.562987976074219e+02, -3.822359924316406e+02, -3.201331481933594e+02, -2.548121795654297e+02, -2.235224609375e+02, -3.046790466308594e+02, -9.82962158203125e+02, -1.292038818359375e+03, -1.491792724609375e+03, -1.632727294921875e+03, -1.601322509765625e+03, -1.862070190429688e+03, -2.4743154296875e+03, -2.894281494140625e+03, -2.403330078125e+03, -1.744086059570312e+03, -1.010009094238281e+03, -7.800819091796875e+02, -6.639969482421875e+02, -5.789596557617188e+02, -4.983123779296875e+02, -4.189796447753906e+02, -3.387070007324219e+02, -2.838421020507812e+02, -2.358660583496094e+02, -3.035282287597656e+02, -9.8973046875e+02, -1.228763427734375e+03, -1.4568515625e+03, -1.562436157226562e+03, -1.473733520507812e+03, -1.713084716796875e+03, -2.25525830078125e+03, -2.781939208984375e+03, -2.15854052734375e+03, -1.348085815429688e+03, -8.84098388671875e+02, -6.067630615234375e+02, -5.110578002929688e+02, -4.334507141113281e+02, -3.954032287597656e+02]
flo.cor.heaPorAir.Q_flow=[1.0476017578125e+04, 0e+00, 0e+00, 0e+00, 0e+00, 0e+00, 0e+00, 0e+00, 0e+00, 0e+00, 0e+00, 0e+00, 0e+00, 0e+00, 0e+00, 0e+00, 0e+00, 0e+00, 0e+00, 0e+00, 0e+00, 0e+00, 0e+00, 0e+00, 0e+00, 0e+00, 0e+00, 0e+00, 0e+00, 0e+00, 0e+00, 0e+00, 0e+00, 0e+00, 0e+00, 0e+00, 0e+00, 0e+00, 0e+00, 0e+00, -5.706669235229492e+01, -6.147047424316406e+01, -5.41903076171875e+01, -4.11501579284668e+01, -4.961650848388672e+01, -9.850032806396484e+01, -1.177552001953125e+03, -1.453072631835938e+03, -1.5773095703125e+03, -1.649094482421875e+03, -1.431672485351562e+03, -1.769618041992188e+03, -1.835792724609375e+03, -1.896884887695312e+03, -1.04462646484375e+03, -6.839969482421875e+02, -5.422800903320312e+02, -4.794134826660156e+02, -4.050098571777344e+02, -3.416678771972656e+02, -2.863215942382812e+02, -2.49902587890625e+02, -2.208668060302734e+02, -1.908263244628906e+02, -1.81235595703125e+02, -2.146950988769531e+02, -1.29172314453125e+03, -1.5593388671875e+03, -1.666961669921875e+03, -1.727016479492188e+03, -1.492563354492188e+03, -1.816922973632812e+03, -1.876618286132812e+03, -1.934534545898438e+03, -1.081615478515625e+03, -7.268872680664062e+02, -5.807491455078125e+02, -5.067863464355469e+02, -4.283645629882812e+02, -3.62768798828125e+02, -3.058059997558594e+02, -2.660951843261719e+02, -2.326227874755859e+02, -2.034786987304688e+02, -1.942816009521484e+02, -2.314791259765625e+02, -1.31849560546875e+03, -1.571029541015625e+03, -1.67684228515625e+03, -1.747715209960938e+03, -1.51418310546875e+03, -1.8388818359375e+03, -1.892778076171875e+03, -1.941081298828125e+03, -1.081390380859375e+03, -6.939173583984375e+02, -5.4670556640625e+02, -4.824349975585938e+02, -4.0165673828125e+02, -3.373302307128906e+02, -2.815887145996094e+02]
EHea.y=[0e+00, 1.726214e+07, 1.726214e+07, 1.726214e+07, 1.726214e+07, 1.726214e+07, 1.726214e+07, 1.726214e+07, 1.726214e+07, 1.726214e+07, 1.726214e+07, 1.726214e+07, 1.726214e+07, 1.726214e+07, 1.726214e+07, 1.726214e+07, 1.726214e+07, 1.726214e+07, 1.726214e+07, 1.726214e+07, 1.726214e+07, 1.726214e+07, 1.726214e+07, 1.726214e+07, 1.726214e+07, 1.726214e+07, 1.726214e+07, 1.726214e+07, 1.726214e+07, 1.726214e+07, 1.726214e+07, 1.726214e+07, 1.726214e+07, 1.726214e+07, 1.726214e+07, 1.726214e+07, 1.726214e+07, 1.726214e+07, 1.726214e+07, 1.726214e+07, 1.726214e+07, 1.726214e+07, 1.726214e+07, 1.726214e+07, 1.726214e+07, 1.726214e+07, 1.726214e+07, 1.726214e+07, 1.726214e+07, 1.726214e+07, 1.726214e+07, 1.726214e+07, 1.726214e+07, 1.726214e+07, 1.726214e+07, 1.726214e+07, 1.726214e+07, 1.726214e+07, 1.726214e+07, 1.726214e+07, 1.726214e+07, 1.726214e+07, 1.726214e+07, 1.726214e+07, 1.726214e+07, 1.726214e+07, 1.726214e+07, 1.726214e+07, 1.726214e+07, 1.726214e+07, 1.726214e+07, 1.726214e+07, 1.726214e+07, 1.726214e+07, 1.726214e+07, 1.726214e+07, 1.726214e+07, 1.726214e+07, 1.726214e+07, 1.726214e+07, 1.726214e+07, 1.726214e+07, 1.726214e+07, 1.726214e+07, 1.726214e+07, 1.726214e+07, 1.726214e+07, 1.726214e+07, 1.726214e+07, 1.726214e+07, 1.726214e+07, 1.726214e+07, 1.726214e+07, 1.726214e+07, 1.726214e+07, 1.726214e+07, 1.726214e+07, 1.726214e+07, 1.726214e+07, 1.726214e+07, 1.726214e+07]
ECoo.y=[0e+00, -1.878241625e+06, -1.878241625e+06, -1.878241625e+06, -1.878241625e+06, -1.878241625e+06, -1.878241625e+06, -1.908673875e+06, -3.07941825e+06, -6.8517005e+06, -1.0984466e+07, -1.7153658e+07, -2.5877048e+07, -3.7135636e+07, -4.7789908e+07, -5.4768408e+07, -5.8417508e+07, -5.8816352e+07, -5.8816352e+07, -5.8833276e+07, -5.9106552e+07, -5.9145708e+07, -5.9145708e+07, -5.9145708e+07, -5.9145708e+07, -5.993718e+07, -6.3742376e+07, -7.125968e+07, -8.1449168e+07, -9.1741984e+07, -1.02270048e+08, -1.1448416e+08, -1.28857256e+08, -1.45248016e+08, -1.6246112e+08, -1.7866192e+08, -1.91411744e+08, -1.9997128e+08, -2.07108816e+08, -2.13083408e+08, -2.19065904e+08, -2.242684e+08, -2.2850248e+08, -2.31655408e+08, -2.34014208e+08, -2.37924896e+08, -2.50395936e+08, -2.8330864e+08, -3.2304416e+08, -3.64712512e+08, -4.05194816e+08, -4.5117712e+08, -4.98717984e+08, -5.49529856e+08, -5.91946112e+08, -6.21881344e+08, -6.44747136e+08, -6.6213536e+08, -6.771376e+08, -6.8874592e+08, -6.98441856e+08, -7.06834496e+08, -7.13756288e+08, -7.19494592e+08, -7.24055872e+08, -7.3029728e+08, -7.44999488e+08, -7.79711232e+08, -8.20101248e+08, -8.62762304e+08, -9.0347232e+08, -9.48954752e+08, -9.96690816e+08, -1.047416704e+09, -1.091505664e+09, -1.12344256e+09, -1.147826432e+09, -1.1656864e+09, -1.181168512e+09, -1.193617792e+09, -1.204152704e+09, -1.213085952e+09, -1.22018176e+09, -1.225972864e+09, -1.23070528e+09, -1.237056e+09, -1.252389504e+09, -1.285932032e+09, -1.325048064e+09, -1.36737792e+09, -1.408399744e+09, -1.455338752e+09, -1.505117824e+09, -1.558965632e+09, -1.602237952e+09, -1.631147648e+09, -1.653094912e+09, -1.668422528e+09, -1.680637184e+09, -1.69056128e+09, -1.699078528e+09]
coo[1].conPID.y=[0e+00, 0e+00, 0e+00, 0e+00, 0e+00, 0e+00, 0e+00, 0e+00, 0e+00, 7.621194422245026e-02, 1.039033830165863e-01, 1.277052313089371e-01, 1.59545361995697e-01, 1.711951494216919e-01, 1.697236746549606e-01, 7.852645218372345e-02, 3.447664529085159e-02, 0e+00, 0e+00, 0e+00, 0e+00, 0e+00, 0e+00, 0e+00, 0e+00, 0e+00, 1.123236957937479e-02, 4.484181106090546e-02, 8.22766125202179e-02, 1.279489547014236e-01, 1.604417860507965e-01, 1.786859184503555e-01, 1.701003760099411e-01, 1.537393629550934e-01, 1.510332673788071e-01, 1.315579563379288e-01, 1.005405411124229e-01, 8.3479143679142e-02, 6.937465816736221e-02, 5.573252588510513e-02, 5.460595712065697e-02, 4.273385554552078e-02, 3.077813982963562e-02, 1.910232938826084e-02, 1.270509883761406e-02, 4.069390520453453e-02, 2.468769997358322e-01, 3.347328305244446e-01, 3.918891251087189e-01, 4.486821293830872e-01, 5.157732367515564e-01, 5.125096440315247e-01, 5.004004836082458e-01, 4.8969367146492e-01, 3.908299505710602e-01, 2.510994374752045e-01, 1.996139734983444e-01, 1.663004010915756e-01, 1.339488327503204e-01, 1.044428572058678e-01, 9.009728580713272e-02, 7.257098704576492e-02, 5.750999599695206e-02, 4.471275582909584e-02, 3.473279625177383e-02, 6.275022774934769e-02, 2.613974511623383e-01, 3.400829136371613e-01, 3.965893089771271e-01, 4.580512642860413e-01, 4.684838652610779e-01, 5.129883885383606e-01, 4.988854825496674e-01, 5.225870013237e-01, 3.974374532699585e-01, 3.010886013507843e-01, 2.019065171480179e-01, 1.693180948495865e-01, 1.391113102436066e-01, 1.152823343873024e-01, 9.607838094234467e-02, 7.674727588891983e-02, 5.640283972024918e-02, 4.370523616671562e-02, 3.534868732094765e-02, 5.956410244107246e-02, 2.672951817512512e-01, 3.400042951107025e-01, 4.067141711711884e-01, 4.649491906166077e-01, 4.943704903125763e-01, 5.878303647041321e-01, 6.189884543418884e-01, 5.638905167579651e-01, 3.579428493976593e-01, 2.577383816242218e-01, 1.930764317512512e-01, 1.328243315219879e-01, 1.065015867352486e-01, 8.809470385313034e-02, 7.849761098623276e-02]
coo[2].conPID.y=[0e+00, 0e+00, 0e+00, 0e+00, 0e+00, 0e+00, 0e+00, 2.214604988694191e-02, 1.308858692646027e-01, 1.167338415980339e-01, 8.609654754400253e-02, 1.088228151202202e-01, 1.219467446208e-01, 1.280141919851303e-01, 1.014214083552361e-01, 6.298219412565231e-02, 4.03045080602169e-02, 0e+00, 0e+00, 0e+00, 6.181621924042702e-03, 0e+00, 0e+00, 0e+00, 0e+00, 1.389989107847214e-01, 3.346588015556335e-01, 4.098803400993347e-01, 3.43709260225296e-01, 2.134281843900681e-01, 1.920032203197479e-01, 2.079251408576965e-01, 2.199442684650421e-01, 2.062869518995285e-01, 1.944138407707214e-01, 1.705376207828522e-01, 1.428416520357132e-01, 1.216271966695786e-01, 1.045427918434143e-01, 9.158994257450104e-02, 8.85828360915184e-02, 7.433127611875534e-02, 5.924355611205101e-02, 4.487305134534836e-02, 4.753414168953896e-02, 1.298912763595581e-01, 4.858670234680176e-01, 6.530801653862e-01, 6.35796070098877e-01, 5.219753384590149e-01, 4.818171560764313e-01, 5.280512571334839e-01, 5.391648411750793e-01, 5.336440801620483e-01, 3.863779604434967e-01, 2.863885760307312e-01, 2.36987978219986e-01, 2.023960947990417e-01, 1.680262982845306e-01, 1.365429311990738e-01, 1.199927106499672e-01, 1.002517938613892e-01, 8.304562419652939e-02, 6.826978176832199e-02, 6.933014094829559e-02, 1.680702716112137e-01, 5.348469018936157e-01, 6.856100559234619e-01, 6.599134206771851e-01, 5.320831537246704e-01, 4.797533452510834e-01, 5.236921310424805e-01, 5.29308557510376e-01, 5.308793783187866e-01, 3.811032176017761e-01, 2.958211898803711e-01, 2.367100417613983e-01, 2.045533210039139e-01, 1.725336909294128e-01, 1.463810950517654e-01, 1.25147357583046e-01, 1.03759802877903e-01, 8.14766064286232e-02, 6.683378666639328e-02, 7.081320136785507e-02, 1.795616000890732e-01, 5.170359015464783e-01, 5.573460459709167e-01, 5.549631118774414e-01, 5.257087349891663e-01, 4.789530336856842e-01, 5.275371670722961e-01, 5.461276173591614e-01, 5.335841774940491e-01, 3.844742476940155e-01, 2.904467582702637e-01, 2.266421020030975e-01, 1.619904190301895e-01, 1.37364849448204e-01, 1.169823184609413e-01, 1.05488620698452e-01]
coo[3].conPID.y=[0e+00, 0e+00, 0e+00, 0e+00, 0e+00, 0e+00, 0e+00, 0e+00, 0e+00, 3.108250349760056e-02, 1.900288835167885e-02, 4.753893241286278e-02, 6.35087639093399e-02, 7.415147125720978e-02, 5.17331175506115e-02, 1.856388337910175e-02, 5.751635762862861e-04, 0e+00, 0e+00, 0e+00, 0e+00, 0e+00, 0e+00, 0e+00, 0e+00, 0e+00, 9.028990752995014e-03, 3.709334507584572e-02, 6.034295260906219e-02, 7.174388319253922e-02, 8.329930901527405e-02, 1.02873831987381e-01, 1.19115449488163e-01, 1.175675913691521e-01, 1.186186671257019e-01, 1.289291679859161e-01, 9.045786410570145e-02, 6.812617927789688e-02, 5.516919866204262e-02, 4.663863405585289e-02, 4.770722240209579e-02, 3.828948363661766e-02, 2.75168139487505e-02, 1.729180663824081e-02, 1.578561402857304e-02, 4.813733696937561e-02, 2.35825777053833e-01, 3.186095356941223e-01, 3.591551184654236e-01, 3.825964331626892e-01, 3.74266117811203e-01, 4.254617393016815e-01, 4.41759467124939e-01, 4.462828040122986e-01, 3.121548593044281e-01, 2.355104386806488e-01, 1.82910680770874e-01, 1.514375656843185e-01, 1.218679845333099e-01, 9.513342380523682e-02, 8.239690214395523e-02, 6.671848893165588e-02, 5.299397557973862e-02, 4.133845120668411e-02, 3.743569925427437e-02, 7.352876663208008e-02, 2.530889511108398e-01, 3.251387774944305e-01, 3.654074668884277e-01, 3.883567452430725e-01, 3.720245957374573e-01, 4.212389290332794e-01, 4.327934682369232e-01, 4.443836808204651e-01, 3.089534640312195e-01, 2.516904473304749e-01, 1.856302469968796e-01, 1.538161337375641e-01, 1.260878294706345e-01, 1.045503467321396e-01, 8.70770737528801e-02, 6.989163160324097e-02, 5.13119176030159e-02, 3.981542214751244e-02, 3.803035989403725e-02, 7.254949957132339e-02, 2.588789463043213e-01, 3.243043422698975e-01, 3.771775364875793e-01, 4.130281209945679e-01, 3.864113390445709e-01, 4.381168186664581e-01, 4.609350562095642e-01, 4.57949310541153e-01, 3.210161924362183e-01, 2.366943955421448e-01, 1.766310036182404e-01, 1.213656291365623e-01, 9.774499386548996e-02, 8.12152698636055e-02, 7.290562242269516e-02]
coo[4].conPID.y=[0e+00, 0e+00, 0e+00, 0e+00, 0e+00, 0e+00, 0e+00, 0e+00, 9.789504110813141e-03, 6.764274835586548e-02, 5.752565339207649e-02, 9.717172384262085e-02, 1.996598243713379e-01, 3.020116090774536e-01, 1.689916253089905e-01, 7.928744703531265e-02, 4.872627183794975e-02, 0e+00, 0e+00, 5.773351993411779e-03, 1.2483274564147e-02, 0e+00, 0e+00, 0e+00, 0e+00, 0e+00, 2.880175970494747e-02, 8.557187765836716e-02, 1.398861110210419e-01, 1.34259507060051e-01, 1.764841377735138e-01, 2.279533445835114e-01, 3.661319017410278e-01, 5.057350397109985e-01, 5.259419679641724e-01, 4.334332644939423e-01, 2.05999344587326e-01, 1.476483643054962e-01, 1.275522261857986e-01, 1.206515580415726e-01, 1.106442362070084e-01, 9.505840390920639e-02, 7.833024859428406e-02, 6.228822097182274e-02, 5.217855051159859e-02, 7.742030173540115e-02, 2.766833007335663e-01, 3.902061581611633e-01, 4.505937099456787e-01, 4.723545908927917e-01, 4.570378065109253e-01, 5.557008981704712e-01, 7.286385297775269e-01, 8.621074557304382e-01, 6.409685611724854e-01, 4.663192629814148e-01, 3.021138310432434e-01, 2.20786988735199e-01, 1.847677528858185e-01, 1.52727872133255e-01, 1.356014311313629e-01, 1.135916709899902e-01, 9.513614326715469e-02, 7.57242739200592e-02, 6.642569601535797e-02, 9.054355323314667e-02, 2.921135723590851e-01, 3.839640021324158e-01, 4.433262050151825e-01, 4.852087199687958e-01, 4.758759438991547e-01, 5.53364098072052e-01, 7.353091835975647e-01, 8.601133227348328e-01, 7.142139673233032e-01, 5.183019638061523e-01, 3.001512885093689e-01, 2.318222671747208e-01, 1.973244994878769e-01, 1.720533818006516e-01, 1.4808689057827e-01, 1.245110332965851e-01, 1.006558686494827e-01, 8.435129374265671e-02, 7.009392976760864e-02, 9.020154923200607e-02, 2.94124960899353e-01, 3.651600182056427e-01, 4.329425096511841e-01, 4.643198251724243e-01, 4.379594624042511e-01, 5.090890526771545e-01, 6.702105402946472e-01, 8.267278075218201e-01, 6.414681673049927e-01, 4.006198644638062e-01, 2.627335488796234e-01, 1.803159117698669e-01, 1.518745273351669e-01, 1.288115084171295e-01, 1.175046786665916e-01]
coo[5].conPID.y=[0e+00, 0e+00, 0e+00, 0e+00, 0e+00, 0e+00, 0e+00, 0e+00, 0e+00, 0e+00, 0e+00, 0e+00, 0e+00, 0e+00, 0e+00, 0e+00, 0e+00, 0e+00, 0e+00, 0e+00, 0e+00, 0e+00, 0e+00, 0e+00, 0e+00, 0e+00, 0e+00, 0e+00, 0e+00, 0e+00, 0e+00, 0e+00, 0e+00, 0e+00, 0e+00, 0e+00, 0e+00, 0e+00, 0e+00, 0e+00, 7.626310456544161e-03, 8.214825764298439e-03, 7.241914980113506e-03, 5.499247927218676e-03, 6.630678661167622e-03, 1.316344272345304e-02, 1.573663502931595e-01, 1.941865384578705e-01, 2.107893824577332e-01, 2.203826159238815e-01, 1.913266628980637e-01, 2.364892065525055e-01, 2.453327029943466e-01, 2.534969747066498e-01, 1.396023780107498e-01, 9.140836447477341e-02, 7.246953248977661e-02, 6.406813114881516e-02, 5.412493273615837e-02, 4.566000401973724e-02, 3.826360777020454e-02, 3.339662402868271e-02, 2.951632253825665e-02, 2.550175599753857e-02, 2.42200642824173e-02, 2.869154326617718e-02, 1.726240217685699e-01, 2.083878070116043e-01, 2.227703630924225e-01, 2.307960093021393e-01, 1.994640231132507e-01, 2.428109794855118e-01, 2.507885694503784e-01, 2.585284113883972e-01, 1.445455402135849e-01, 9.714017063379288e-02, 7.761048525571823e-02, 6.772619485855103e-02, 5.724602565169334e-02, 4.847989976406097e-02, 4.086747393012047e-02, 3.556057810783386e-02, 3.108737431466579e-02, 2.719260193407536e-02, 2.596351504325867e-02, 3.09345368295908e-02, 1.762018501758575e-01, 2.099501341581345e-01, 2.240907847881317e-01, 2.335621565580368e-01, 2.023532539606094e-01, 2.45745524764061e-01, 2.52948135137558e-01, 2.594033181667328e-01, 1.445154547691345e-01, 9.273412078619003e-02, 7.306095212697983e-02, 6.447191536426544e-02, 5.367683246731758e-02, 4.508032649755478e-02, 3.763110935688019e-02]
